test mode, using existing params json
[[ 1.1897357  -1.4010842  -1.3824859  -1.1230518  -1.7075695 ]
 [ 1.1828871  -1.3951116  -1.3799073  -1.116349   -0.03437145]
 [ 1.1766167  -1.3981464  -1.3840971  -1.1092558  -0.03437145]
 [ 1.1692519  -1.3856313  -1.3755647  -1.1028175   0.28058347]
 [ 1.1616648  -1.3723583  -1.3702022  -1.0960243   0.06405196]
 [ 1.153818   -1.3579489  -1.3666334  -1.0889283  -0.3155812 ]
 [ 1.1460874  -1.3477093  -1.354841   -1.0821105  -0.5757002 ]
 [ 1.137896   -1.3330133  -1.3398315  -1.0752778  -0.82175875]
 [ 1.1292821  -1.3151882  -1.3191679  -1.0685172  -0.74302006]
 [ 1.1203314  -1.2960373  -1.3109359  -1.0607866  -0.62491196]
 [ 1.1111716  -1.2774538  -1.2907314  -1.0534475  -0.7069315 ]
 [ 1.1023531  -1.2669296  -1.2765964  -1.0455436  -0.70062226]
 [ 1.0933746  -1.2561212  -1.2604517  -1.0375963  -0.7514563 ]
 [ 1.0845493  -1.2493899  -1.251414   -1.0291253  -0.87425125]
 [ 1.0733145  -1.2108     -1.2068876  -1.0223145  -0.82175875]
 [ 1.0624906  -1.184916   -1.184536   -1.013784   -0.7870211 ]
 [ 1.052415   -1.1740135  -1.177796   -1.0040869  -0.87643844]
 [ 1.0420232  -1.16074    -1.1642483  -0.99456316 -0.9046416 ]
 [ 1.031103   -1.1426309  -1.1445361  -0.98514414 -0.82175875]
 [ 1.0202675  -1.1289783  -1.129889   -0.97521037 -0.84987974]
 [ 1.0085248  -1.1053699  -1.1065657  -0.96549416 -0.7655168 ]
 [ 0.99788254 -1.1011027  -1.0874293  -0.95535094 -0.7092749 ]
 [ 0.98814845 -1.1101109  -1.0974349  -0.9435942  -0.94361633]
 [ 0.97812533 -1.1135252  -1.1033721  -0.9321285  -1.0842212 ]
 [ 0.9681133  -1.1164652  -1.106757   -0.9208265  -1.2998154 ]
 [ 0.95574754 -1.0865993  -1.0808808  -0.9109567  -1.1779578 ]
 [ 0.9443968  -1.0760757  -1.0695477  -0.89999104 -1.0748476 ]
 [ 0.93289244 -1.0653625  -1.0583142  -0.8888703  -1.0748476 ]
 [ 0.92071325 -1.0473485  -1.041958   -0.8778413  -0.8405061 ]
 [ 0.9083712  -1.0303774  -1.0263175  -0.86652815 -0.87800074]
 [ 0.89383346 -0.9863841  -0.9892474  -0.8559593  -0.90612173]
 [ 0.87979823 -0.95727676 -0.9614878  -0.8443297  -0.8686271 ]
 [ 0.86286163 -0.89365643 -0.9042446  -0.8336714  -0.84987974]
 [ 0.8456752  -0.83819044 -0.8537723  -0.82175094 -0.8873744 ]
 [ 0.8285486  -0.7936282  -0.80914336 -0.80875987 -0.90612173]
 [ 0.8163654  -0.824917   -0.8263056  -0.7922025  -1.0373529 ]
 [ 0.8025959  -0.82880515 -0.8249361  -0.7769277  -1.0654739 ]
 [ 0.7848386  -0.7773216  -0.7796934  -0.7637558  -1.0467266 ]
 [ 0.76843166 -0.7537136  -0.7553807  -0.7488667  -0.93424267]
 [ 0.7531844  -0.750301   -0.750302   -0.7327042  -0.99985826]
 [ 0.7379269  -0.7473625  -0.743456   -0.716595   -0.924869  ]
 [ 0.72334266 -0.7541897  -0.74742514 -0.69990677 -1.0279793 ]
 [ 0.70610875 -0.72347087 -0.7225458  -0.68463767 -1.1592104 ]
 [ 0.6844347  -0.637282   -0.61592627 -0.6730959  -1.0092319 ]
 [ 0.66257244 -0.56437063 -0.56036764 -0.6575354  -0.75614315]
 [ 0.640263   -0.4985702  -0.5051541  -0.64095294 -0.7092749 ]
 [ 0.6192867  -0.46301568 -0.4733113  -0.62230724 -0.82175875]
 [ 0.6022683  -0.48814175 -0.48649725 -0.6010582  -0.8311324 ]
 [ 0.5768455  -0.39351773 -0.41199172 -0.58419836 -0.8592534 ]
 [ 0.5529562  -0.33710396 -0.35699368 -0.5651177  -1.0092319 ]
 [ 0.5302065  -0.3065745  -0.32249552 -0.5442423  -0.91549534]
 [ 0.50689244 -0.27386436 -0.28761944 -0.522932   -0.84987974]
 [ 0.47872046 -0.18076017 -0.27379927 -0.49949884 -0.8311324 ]
 [ 0.45696765 -0.19213656 -0.21748841 -0.47788155 -0.7655168 ]
 [ 0.43450892 -0.19194742 -0.2075909  -0.45373744 -0.7936378 ]
 [ 0.41214412 -0.19308569 -0.20053099 -0.42943898 -0.7936378 ]
 [ 0.38551193 -0.13553436 -0.14870265 -0.4072272  -0.8030115 ]
 [ 0.35632107 -0.05333106 -0.06884681 -0.385564   -0.66240656]
 [ 0.3258604   0.03143346  0.04032424 -0.36433974 -0.47493342]
 [ 0.2948376   0.10832684  0.10099753 -0.33919886 -0.56867   ]
 [ 0.26090246  0.21119933  0.1890783  -0.31427595 -0.3437022 ]
 [ 0.22608775  0.30743492  0.2756954  -0.2878118  -0.39994413]
 [ 0.18636829  0.45344797  0.40254363 -0.2618114  -0.3437022 ]
 [ 0.15025793  0.52342016  0.47745904 -0.23131049 -0.33432853]
 [ 0.11142182  0.618044    0.5726112  -0.20073868 -0.17497633]
 [ 0.07186278  0.7053672   0.66169155 -0.16850705  0.01249684]
 [ 0.03106906  0.7937334   0.75060296 -0.13499017  0.14372806]
 [-0.01137395  0.88864195  0.84464234 -0.10043176  0.36869586]
 [-0.06098812  1.063946    0.8317332  -0.05785978  0.4530588 ]
 [-0.10098848  1.076462    0.9245851  -0.01989563  0.46243244]
 [-0.14314523  1.1159984   0.962453    0.02155609  0.4061905 ]
 [-0.18622452  1.16113     1.0451576   0.06112352  0.32182756]
 [-0.23231061  1.2392566   1.148963    0.10040117  0.6874003 ]
 [-0.27648395  1.2769932   1.2331094   0.14159198  0.87487346]
 [-0.32667872  1.3902956   1.3422855   0.18247996  1.0623466 ]
 [-0.37309957  1.4312553   1.3921968   0.22780065  1.2216988 ]]
exception: did not work for AL week 202036: maximum supported dimension for an ndarray is 32, found 76

test mode, using existing params json
[[ 1.2341166  -1.4977566  -1.4812336  -1.1598104  -1.8175265 ]
 [ 1.2281158  -1.4914589  -1.4785166  -1.154097   -0.05474995]
 [ 1.2226218  -1.4946588  -1.4829314  -1.1480508  -0.05474995]
 [ 1.2161688  -1.4814627  -1.4739411  -1.1425629   0.2770668 ]
 [ 1.209521   -1.4674673  -1.4682907  -1.1367723   0.04894279]
 [ 1.2026458  -1.4522735  -1.4645305  -1.1307238  -0.3510149 ]
 [ 1.1958723  -1.4414766  -1.4521049  -1.1249124  -0.62506   ]
 [ 1.188695   -1.4259806  -1.4362899  -1.1190882  -0.8842918 ]
 [ 1.1811476  -1.4071853  -1.4145172  -1.1133255  -0.80133766]
 [ 1.1733052  -1.3869921  -1.4058433  -1.1067361  -0.67690635]
 [ 1.1652794  -1.3673971  -1.3845545  -1.1004802  -0.763317  ]
 [ 1.1575526  -1.3563001  -1.3696609  -1.093743   -0.75667   ]
 [ 1.1496859  -1.3449032  -1.3526495  -1.0869688  -0.8102256 ]
 [ 1.1419531  -1.3378057  -1.3431267  -1.0797482  -0.9395946 ]
 [ 1.1321094  -1.2971154  -1.2962104  -1.0739428  -0.8842918 ]
 [ 1.1226255  -1.2698225  -1.2726592  -1.0666715  -0.8476944 ]
 [ 1.1137973  -1.2583265  -1.2655574  -1.0584056  -0.94189894]
 [ 1.1046921  -1.2443306  -1.2512826  -1.0502877  -0.97161204]
 [ 1.095124   -1.2252358  -1.2305123  -1.042259   -0.8842918 ]
 [ 1.0856299  -1.2108401  -1.2150791  -1.0337915  -0.9139183 ]
 [ 1.0753411  -1.1859468  -1.190504   -1.0255095  -0.82503885]
 [ 1.0660164  -1.1814474  -1.1703404  -1.0168636  -0.7657859 ]
 [ 1.0574875  -1.1909459  -1.180883   -1.0068423  -1.0126734 ]
 [ 1.0487053  -1.1945459  -1.1871388  -0.99706894 -1.1608058 ]
 [ 1.039933   -1.197646   -1.1907055  -0.9874352  -1.3879423 ]
 [ 1.0290982  -1.1661545  -1.1634403  -0.97902226 -1.2595608 ]
 [ 1.0191526  -1.155058   -1.1514989  -0.9696752  -1.1509303 ]
 [ 1.0090727  -1.1437616  -1.1396626  -0.960196   -1.1509303 ]
 [ 0.9984014  -1.1247673  -1.1224284  -0.950795   -0.90404284]
 [ 0.98758745 -1.1068726  -1.1059484  -0.94115174 -0.9435448 ]
 [ 0.9748496  -1.0604846  -1.0668887  -0.9321429  -0.97317135]
 [ 0.962552   -1.029793   -1.0376391  -0.92223    -0.9336693 ]
 [ 0.9477123  -0.9627099  -0.97732353 -0.9131449  -0.9139183 ]
 [ 0.9326537  -0.9042249  -0.9241421  -0.902984   -0.95342034]
 [ 0.91764754 -0.85723716 -0.8771179  -0.89191055 -0.97317135]
 [ 0.90697277 -0.89022905 -0.8952013  -0.8777971  -1.1114283 ]
 [ 0.894908   -0.8943287  -0.89375824 -0.864777   -1.1410547 ]
 [ 0.87934923 -0.84004295 -0.8460872  -0.8535494  -1.1213038 ]
 [ 0.8649736  -0.81515    -0.82046956 -0.8408581  -1.0027978 ]
 [ 0.85161406 -0.8115517  -0.8151183  -0.8270813  -1.0719264 ]
 [ 0.8382456  -0.8084532  -0.80790484 -0.81334996 -0.9929223 ]
 [ 0.825467   -0.815652   -0.812087   -0.7991251  -1.1015528 ]
 [ 0.8103668  -0.7832612  -0.7858723  -0.7861098  -1.2398098 ]
 [ 0.7913762  -0.69238114 -0.6735301  -0.77627164 -1.0818018 ]
 [ 0.7722207  -0.61550117 -0.61498946 -0.763008   -0.8151634 ]
 [ 0.7526733  -0.54611933 -0.55681235 -0.74887323 -0.7657859 ]
 [ 0.7342941  -0.50862956 -0.52326053 -0.73297983 -0.8842918 ]
 [ 0.71938264 -0.5351232  -0.5371542  -0.7148673  -0.89416736]
 [ 0.6971075  -0.4353489  -0.4586497  -0.70049614 -0.92379385]
 [ 0.6761759  -0.37586454 -0.4006997  -0.68423194 -1.0818018 ]
 [ 0.6562428  -0.34367338 -0.36434993 -0.666438   -0.9830468 ]
 [ 0.6358152  -0.30918285 -0.32760194 -0.6482732  -0.9139183 ]
 [ 0.61113113 -0.21101105 -0.31303996 -0.62829894 -0.89416736]
 [ 0.59207153 -0.22300664 -0.2537067  -0.6098726  -0.82503885]
 [ 0.57239336 -0.22280721 -0.24327795 -0.5892923  -0.85466534]
 [ 0.55279756 -0.22400744 -0.23583913 -0.5685805  -0.85466534]
 [ 0.52946264 -0.16332363 -0.18122897 -0.5496474  -0.8645408 ]
 [ 0.50388587 -0.07664604 -0.097087   -0.5311819  -0.7164084 ]
 [ 0.47719648  0.01273215  0.01794365 -0.51309043 -0.51889837]
 [ 0.45001456  0.09381081  0.08187349 -0.49166057 -0.61765337]
 [ 0.42028093  0.2022826   0.17468187 -0.47041652 -0.3806414 ]
 [ 0.38977656  0.3037562   0.26594803 -0.44785866 -0.4398944 ]
 [ 0.35497472  0.45771667  0.39960465 -0.42569613 -0.3806414 ]
 [ 0.3233351   0.5314974   0.47854102 -0.39969742 -0.3707659 ]
 [ 0.28930727  0.6312716   0.5788003  -0.37363827 -0.20288242]
 [ 0.25464597  0.7233477   0.67266196 -0.3461643  -0.00537246]
 [ 0.21890287  0.8165237   0.76634556 -0.31759477  0.13288453]
 [ 0.18171467  0.916598    0.8654323  -0.28813747  0.3698965 ]
 [ 0.13824317  1.1014438   0.8518303  -0.25184947  0.458776  ]
 [ 0.10319521  1.114641    0.9496659  -0.21948913  0.46865147]
 [ 0.06625781  1.1563294   0.9895663  -0.18415602  0.4093985 ]
 [ 0.02851212  1.2039174   1.0767099  -0.15042907  0.320519  ]
 [-0.0118681   1.2862965   1.1860869  -0.11694912  0.70566344]
 [-0.05057241  1.326087    1.2747498  -0.08183841  0.90317345]
 [-0.09455264  1.4455564   1.3897858  -0.04698583  1.1006835 ]
 [-0.13522618  1.4887456   1.4423759  -0.00835485  1.2685668 ]]
exception: did not work for AL week 202038: maximum supported dimension for an ndarray is 32, found 76

test mode, using existing params json
[[ 1.28006399e+00 -1.57290459e+00 -1.55395806e+00 -1.20204437e+00
  -1.82307279e+00]
 [ 1.27464771e+00 -1.56628621e+00 -1.55110264e+00 -1.19698226e+00
   1.14755996e-04]
 [ 1.26968873e+00 -1.56964910e+00 -1.55574214e+00 -1.19162548e+00
   1.14755996e-04]
 [ 1.26386428e+00 -1.55578089e+00 -1.54629421e+00 -1.18676329e+00
   3.43303025e-01]
 [ 1.25786400e+00 -1.54107273e+00 -1.54035628e+00 -1.18163288e+00
   1.07361086e-01]
 [ 1.25165820e+00 -1.52510524e+00 -1.53640461e+00 -1.17627394e+00
  -3.06303322e-01]
 [ 1.24554443e+00 -1.51375842e+00 -1.52334678e+00 -1.17112505e+00
  -5.89740038e-01]
 [ 1.23906612e+00 -1.49747336e+00 -1.50672674e+00 -1.16596484e+00
  -8.57855856e-01]
 [ 1.23225379e+00 -1.47772086e+00 -1.48384583e+00 -1.16085923e+00
  -7.72058845e-01]
 [ 1.22517514e+00 -1.45649934e+00 -1.47473049e+00 -1.15502095e+00
  -6.43363237e-01]
 [ 1.21793103e+00 -1.43590629e+00 -1.45235813e+00 -1.14947832e+00
  -7.32735157e-01]
 [ 1.21095681e+00 -1.42424428e+00 -1.43670642e+00 -1.14350927e+00
  -7.25860417e-01]
 [ 1.20385623e+00 -1.41226709e+00 -1.41882932e+00 -1.13750732e+00
  -7.81251371e-01]
 [ 1.19687665e+00 -1.40480804e+00 -1.40882170e+00 -1.13110995e+00
  -9.15053904e-01]
 [ 1.18799150e+00 -1.36204553e+00 -1.35951757e+00 -1.12596643e+00
  -8.57855856e-01]
 [ 1.17943132e+00 -1.33336270e+00 -1.33476758e+00 -1.11952412e+00
  -8.20004225e-01]
 [ 1.17146301e+00 -1.32128131e+00 -1.32730436e+00 -1.11220062e+00
  -9.17437196e-01]
 [ 1.16324449e+00 -1.30657268e+00 -1.31230295e+00 -1.10500824e+00
  -9.48168576e-01]
 [ 1.15460825e+00 -1.28650546e+00 -1.29047561e+00 -1.09789491e+00
  -8.57855856e-01]
 [ 1.14603889e+00 -1.27137661e+00 -1.27425683e+00 -1.09039283e+00
  -8.88497710e-01]
 [ 1.13675201e+00 -1.24521554e+00 -1.24843085e+00 -1.08305490e+00
  -7.96572268e-01]
 [ 1.12833560e+00 -1.24048698e+00 -1.22724116e+00 -1.07539463e+00
  -7.35288620e-01]
 [ 1.12063730e+00 -1.25046909e+00 -1.23832035e+00 -1.06651592e+00
  -9.90637064e-01]
 [ 1.11271048e+00 -1.25425255e+00 -1.24489450e+00 -1.05785680e+00
  -1.14384604e+00]
 [ 1.10479236e+00 -1.25751054e+00 -1.24864280e+00 -1.04932141e+00
  -1.37876666e+00]
 [ 1.09501290e+00 -1.22441530e+00 -1.21998990e+00 -1.04186761e+00
  -1.24598551e+00]
 [ 1.08603597e+00 -1.21275377e+00 -1.20744073e+00 -1.03358626e+00
  -1.13363218e+00]
 [ 1.07693768e+00 -1.20088208e+00 -1.19500184e+00 -1.02518773e+00
  -1.13363218e+00]
 [ 1.06730568e+00 -1.18092036e+00 -1.17689049e+00 -1.01685858e+00
  -8.78283739e-01]
 [ 1.05754495e+00 -1.16211426e+00 -1.15957177e+00 -1.00831473e+00
  -9.19139504e-01]
 [ 1.04604769e+00 -1.11336410e+00 -1.11852396e+00 -1.00033295e+00
  -9.49781299e-01]
 [ 1.03494775e+00 -1.08110940e+00 -1.08778572e+00 -9.91550207e-01
  -9.08925533e-01]
 [ 1.02155340e+00 -1.01060998e+00 -1.02440012e+00 -9.83500838e-01
  -8.88497710e-01]
 [ 1.00796139e+00 -9.49146628e-01 -9.68511999e-01 -9.74498391e-01
  -9.29353416e-01]
 [ 9.94416654e-01 -8.99765968e-01 -9.19094265e-01 -9.64687407e-01
  -9.49781299e-01]
 [ 9.84781504e-01 -9.34437990e-01 -9.38098133e-01 -9.52183068e-01
  -1.09277642e+00]
 [ 9.73891795e-01 -9.38746512e-01 -9.36581612e-01 -9.40647364e-01
  -1.12341821e+00]
 [ 9.59848344e-01 -8.81696165e-01 -8.86484265e-01 -9.30699825e-01
  -1.10299039e+00]
 [ 9.46872771e-01 -8.55535507e-01 -8.59562695e-01 -9.19455349e-01
  -9.80423093e-01]
 [ 9.34814334e-01 -8.51753891e-01 -8.53939116e-01 -9.07249272e-01
  -1.05192065e+00]
 [ 9.22747850e-01 -8.48497629e-01 -8.46358478e-01 -8.95083427e-01
  -9.70209181e-01]
 [ 9.11213815e-01 -8.56063068e-01 -8.50753546e-01 -8.82480264e-01
  -1.08256245e+00]
 [ 8.97584260e-01 -8.22022676e-01 -8.23204517e-01 -8.70948851e-01
  -1.22555757e+00]
 [ 8.80443215e-01 -7.26514459e-01 -7.05144465e-01 -8.62232387e-01
  -1.06213462e+00]
 [ 8.63153279e-01 -6.45719349e-01 -6.43624187e-01 -8.50480914e-01
  -7.86358356e-01]
 [ 8.45509708e-01 -5.72804093e-01 -5.82486093e-01 -8.37957621e-01
  -7.35288620e-01]
 [ 8.28920484e-01 -5.33405125e-01 -5.47226489e-01 -8.23876202e-01
  -8.57855856e-01]
 [ 8.15461278e-01 -5.61248004e-01 -5.61827362e-01 -8.07828605e-01
  -8.68069828e-01]
 [ 7.95355558e-01 -4.56392556e-01 -4.79327172e-01 -7.95095921e-01
  -8.98711622e-01]
 [ 7.76462555e-01 -3.93878907e-01 -4.18427676e-01 -7.80685961e-01
  -1.06213462e+00]
 [ 7.58470774e-01 -3.60048383e-01 -3.80227774e-01 -7.64920652e-01
  -9.59995270e-01]
 [ 7.40032613e-01 -3.23801368e-01 -3.41609418e-01 -7.48826861e-01
  -8.88497710e-01]
 [ 7.17752635e-01 -2.20630065e-01 -3.26306254e-01 -7.31129825e-01
  -8.68069828e-01]
 [ 7.00549245e-01 -2.33236536e-01 -2.63953090e-01 -7.14804173e-01
  -7.96572268e-01]
 [ 6.82787657e-01 -2.33026952e-01 -2.52993554e-01 -6.96570277e-01
  -8.27214062e-01]
 [ 6.65100276e-01 -2.34288305e-01 -2.45176107e-01 -6.78219795e-01
  -8.27214062e-01]
 [ 6.44038022e-01 -1.70514107e-01 -1.87786430e-01 -6.61445200e-01
  -8.37428033e-01]
 [ 6.20952249e-01 -7.94223621e-02 -9.93618518e-02 -6.45084918e-01
  -6.84218943e-01]
 [ 5.96862197e-01  1.45075284e-02  2.15235613e-02 -6.29056096e-01
  -4.79940236e-01]
 [ 5.72327614e-01  9.97152105e-02  8.87072682e-02 -6.10069394e-01
  -5.82079589e-01]
 [ 5.45489788e-01  2.13711038e-01  1.86239347e-01 -5.91247320e-01
  -3.36945146e-01]
 [ 5.17956316e-01  3.20352316e-01  2.82150716e-01 -5.71261287e-01
  -3.98228765e-01]
 [ 4.86543894e-01  4.82153416e-01  4.22610104e-01 -5.51625490e-01
  -3.36945146e-01]
 [ 4.57985759e-01  5.59691489e-01  5.05564153e-01 -5.28590858e-01
  -3.26731205e-01]
 [ 4.27271962e-01  6.64546788e-01  6.10926390e-01 -5.05502641e-01
  -1.53094292e-01]
 [ 3.95986408e-01  7.61312008e-01  7.09565341e-01 -4.81160939e-01
   5.11844382e-02]
 [ 3.63724411e-01  8.59233081e-01  8.08017194e-01 -4.55848604e-01
   1.94179550e-01]
 [ 3.30158055e-01  9.64403808e-01  9.12147224e-01 -4.29749697e-01
   4.39314008e-01]
 [ 2.90920347e-01  1.15866303e+00  8.97852898e-01 -3.97598833e-01
   5.31239450e-01]
 [ 2.59285808e-01  1.17253232e+00  1.00066805e+00 -3.68927836e-01
   5.41453362e-01]
 [ 2.25945830e-01  1.21634376e+00  1.04259932e+00 -3.37623030e-01
   4.80169743e-01]
 [ 1.91876277e-01  1.26635528e+00  1.13417828e+00 -3.07741225e-01
   3.88244331e-01]
 [ 1.55428782e-01  1.35292959e+00  1.24912238e+00 -2.78078288e-01
   7.86587834e-01]
 [ 1.20493978e-01  1.39474642e+00  1.34229791e+00 -2.46970505e-01
   9.90866542e-01]
 [ 8.07970911e-02  1.52030003e+00  1.46318889e+00 -2.16091424e-01
   1.19514525e+00]
 [ 4.40848358e-02  1.56568861e+00  1.51845574e+00 -1.81864709e-01
   1.36878216e+00]]
exception: did not work for AL week 202040: maximum supported dimension for an ndarray is 32, found 76

test mode, using existing params json
[[ 1.3215657  -1.654805   -1.6367047  -1.2436471  -1.8193092 ]
 [ 1.3166047  -1.6478821  -1.6337187  -1.2390587   0.05475429]
 [ 1.3120625  -1.6513997  -1.6385704  -1.2342031   0.05475429]
 [ 1.3067276  -1.6368939  -1.6286902  -1.2297958   0.40751916]
 [ 1.3012316  -1.6215094  -1.6224804  -1.2251455   0.16499332]
 [ 1.2955475  -1.6048077  -1.618348   -1.2202879  -0.26021436]
 [ 1.2899475  -1.5929391  -1.6046926  -1.2156208  -0.55156034]
 [ 1.2840137  -1.5759053  -1.5873119  -1.2109435  -0.8271579 ]
 [ 1.277774   -1.5552446  -1.5633839  -1.2063155  -0.7389667 ]
 [ 1.2712902  -1.5330473  -1.5538514  -1.2010236  -0.60667986]
 [ 1.264655   -1.5115074  -1.5304551  -1.1959996  -0.69854575]
 [ 1.2582669  -1.4993092  -1.5140871  -1.190589   -0.69147915]
 [ 1.2517631  -1.4867812  -1.4953918  -1.1851487  -0.74841577]
 [ 1.2453701  -1.4789792  -1.4849262  -1.1793499  -0.8859521 ]
 [ 1.2372319  -1.4342505  -1.4333657  -1.1746876  -0.8271579 ]
 [ 1.229391   -1.4042488  -1.407483   -1.168848   -0.78825   ]
 [ 1.2220924  -1.3916119  -1.3996782  -1.1622099  -0.88840187]
 [ 1.2145647  -1.3762269  -1.3839903  -1.1556904  -0.91999084]
 [ 1.2066543  -1.3552371  -1.361164   -1.1492426  -0.8271579 ]
 [ 1.1988051  -1.3394126  -1.344203   -1.1424425  -0.8586548 ]
 [ 1.1902989  -1.3120486  -1.317195   -1.1357912  -0.7641642 ]
 [ 1.1825898  -1.3071027  -1.2950356  -1.1288477  -0.7011705 ]
 [ 1.1755385  -1.3175437  -1.3066218  -1.1207997  -0.9636444 ]
 [ 1.1682779  -1.3215011  -1.313497   -1.1129508  -1.1211287 ]
 [ 1.1610253  -1.324909   -1.3174167  -1.105214   -1.3626046 ]
 [ 1.1520678  -1.290292   -1.2874525  -1.0984577  -1.2261182 ]
 [ 1.1438453  -1.2780943  -1.274329   -1.0909511  -1.1106297 ]
 [ 1.1355118  -1.2656767  -1.2613208  -1.0833385  -1.1106297 ]
 [ 1.1266893  -1.2447971  -1.2423806  -1.0757886  -0.84815586]
 [ 1.1177489  -1.2251264  -1.2242693  -1.0680442  -0.8901517 ]
 [ 1.1072179  -1.1741346  -1.181343   -1.0608093  -0.92164856]
 [ 1.097051   -1.140397   -1.1491979  -1.0528482  -0.87965274]
 [ 1.0847824  -1.066656   -1.0829116  -1.0455521  -0.8586548 ]
 [ 1.0723327  -1.0023664  -1.0244657  -1.0373919  -0.9006506 ]
 [ 1.0599264  -0.9507153  -0.97278637 -1.028499   -0.92164856]
 [ 1.0511011  -0.9869815  -0.9926599  -1.0171646  -1.0686339 ]
 [ 1.0411266  -0.9914881  -0.99107397 -1.0067083  -1.1001308 ]
 [ 1.0282634  -0.9318146  -0.938684   -0.99769145 -1.0791329 ]
 [ 1.0163784  -0.9044511  -0.9105303  -0.9874991  -0.9531454 ]
 [ 1.0053335  -0.9004956  -0.9046494  -0.9764351  -1.026638  ]
 [ 0.9942812  -0.8970896  -0.8967218  -0.96540755 -0.94264644]
 [ 0.9837165  -0.9050029  -0.90131795 -0.95398366 -1.0581349 ]
 [ 0.9712325  -0.86939734 -0.8725082  -0.9435312  -1.2051203 ]
 [ 0.9555321  -0.76949763 -0.7490451  -0.9356303  -1.037137  ]
 [ 0.93969536 -0.68498755 -0.68470937 -0.9249784  -0.75366527]
 [ 0.9235347  -0.60871965 -0.6207732  -0.91362685 -0.7011705 ]
 [ 0.90833974 -0.5675091  -0.5839     -0.900863   -0.8271579 ]
 [ 0.8960117  -0.59663224 -0.5991691  -0.88631696 -0.8376569 ]
 [ 0.87759584 -0.4869555  -0.51289326 -0.8747756  -0.86915374]
 [ 0.8602907  -0.42156744 -0.44920668 -0.86171395 -1.037137  ]
 [ 0.8438111  -0.38618138 -0.40925854 -0.8474238  -0.9321475 ]
 [ 0.82692266 -0.34826776 -0.3688728  -0.8328358  -0.8586548 ]
 [ 0.8065152  -0.2403526  -0.3528693  -0.81679463 -0.8376569 ]
 [ 0.7907578  -0.25353873 -0.28766254 -0.8019965  -0.7641642 ]
 [ 0.774489   -0.2533195  -0.27620143 -0.7854687  -0.7956611 ]
 [ 0.7582882  -0.25463885 -0.26802623 -0.76883525 -0.7956611 ]
 [ 0.73899615 -0.1879323  -0.2080101  -0.7536302  -0.80616003]
 [ 0.7178507  -0.09265216 -0.11553876 -0.7388007  -0.6486757 ]
 [ 0.69578534  0.00559664  0.010879   -0.72427166 -0.4386966 ]
 [ 0.6733128   0.09472218  0.08113737 -0.70706147 -0.54368615]
 [ 0.64873064  0.21395956  0.18313302 -0.69000053 -0.29171124]
 [ 0.62351125  0.3255042   0.2834338  -0.67188454 -0.35470498]
 [ 0.594739    0.49474493  0.43032134 -0.654086   -0.29171124]
 [ 0.5685811   0.5758482   0.5170718  -0.6332066  -0.28121227]
 [ 0.5404487   0.68552476  0.6272559  -0.6122787  -0.10273004]
 [ 0.51179266  0.7867393   0.7304091  -0.5902146   0.10724906]
 [ 0.48224217  0.8891628   0.83336663 -0.56727064  0.25423443]
 [ 0.451497    0.9991693   0.9422622  -0.54361373  0.5062094 ]
 [ 0.41555712  1.2023606   0.9273137  -0.5144711   0.60069996]
 [ 0.38658136  1.2168676   1.0348341  -0.4884828   0.6111989 ]
 [ 0.35604352  1.2626935   1.0786844  -0.4601071   0.5482052 ]
 [ 0.32483742  1.3150045   1.1744546  -0.43302125  0.45371458]
 [ 0.29145324  1.4055595   1.294659   -0.40613377  0.86317384]
 [ 0.2594546   1.4492991   1.3920988  -0.37793663  1.0731529 ]
 [ 0.22309415  1.5806257   1.5185224  -0.34994683  1.2831321 ]
 [ 0.18946746  1.6281012   1.5763185  -0.31892258  1.4616143 ]]
exception: did not work for AL week 202042: maximum supported dimension for an ndarray is 32, found 76

test mode, using existing params json
[[ 1.3552086  -1.7444788  -1.7257199  -1.2813003  -1.8830072 ]
 [ 1.350639   -1.7373729  -1.7226589  -1.277088    0.06812311]
 [ 1.3464551  -1.7409836  -1.7276326  -1.2726306   0.06812311]
 [ 1.341541   -1.726094   -1.7175039  -1.2685845   0.4353947 ]
 [ 1.3364787  -1.7103028  -1.7111379  -1.2643154   0.18289548]
 [ 1.331243   -1.6931595  -1.7069014  -1.2598561  -0.25979796]
 [ 1.3260849  -1.6809771  -1.6929026  -1.2555716  -0.56312495]
 [ 1.3206192  -1.6634928  -1.6750846  -1.2512777  -0.8500559 ]
 [ 1.3148718  -1.6422857  -1.6505548  -1.2470292  -0.75823796]
 [ 1.3088995  -1.6195015  -1.6407824  -1.242171   -0.6205111 ]
 [ 1.3027878  -1.597392   -1.6167977  -1.237559   -0.71615475]
 [ 1.2969037  -1.5848712  -1.6000179  -1.2325919  -0.7087976 ]
 [ 1.290913   -1.5720118  -1.5808523  -1.2275976  -0.7680756 ]
 [ 1.2850244  -1.5640036  -1.5701236  -1.2222742  -0.9112678 ]
 [ 1.2775282  -1.518092   -1.517266   -1.2179941  -0.8500559 ]
 [ 1.270306   -1.487297   -1.4907322  -1.2126333  -0.80954796]
 [ 1.2635832  -1.474326   -1.4827311  -1.2065393  -0.9138183 ]
 [ 1.2566493  -1.4585341  -1.4666486  -1.2005543  -0.9467063 ]
 [ 1.2493631  -1.4369892  -1.443248   -1.194635   -0.8500559 ]
 [ 1.2421331  -1.4207462  -1.4258604  -1.1883924  -0.88284796]
 [ 1.234298   -1.3926587  -1.3981731  -1.1822864  -0.78447163]
 [ 1.227197   -1.387582   -1.3754562  -1.1759121  -0.71888745]
 [ 1.2207022  -1.3982992  -1.3873339  -1.1685239  -0.992155  ]
 [ 1.2140143  -1.4023613  -1.3943819  -1.1613185  -1.1561155 ]
 [ 1.2073339  -1.4058591  -1.3984003  -1.154216   -1.4075217 ]
 [ 1.1990831  -1.3703268  -1.3676823  -1.1480135  -1.2654226 ]
 [ 1.1915094  -1.3578064  -1.3542287  -1.1411223  -1.1451849 ]
 [ 1.1838332  -1.3450606  -1.3408934  -1.1341338  -1.1451849 ]
 [ 1.1757069  -1.3236289  -1.3214768  -1.1272029  -0.87191725]
 [ 1.1674718  -1.303438   -1.3029099  -1.1200933  -0.91564006]
 [ 1.1577716  -1.2510978  -1.2589036  -1.1134515  -0.9484322 ]
 [ 1.1484069  -1.2164679  -1.2259501  -1.1061431  -0.9047094 ]
 [ 1.1371061  -1.1407769  -1.1579963  -1.0994451  -0.88284796]
 [ 1.1256386  -1.0747874  -1.0980802  -1.091954   -0.9265708 ]
 [ 1.1142111  -1.0217704  -1.0451008  -1.0837901  -0.9484322 ]
 [ 1.1060821  -1.0589956  -1.0654743  -1.0733849  -1.101462  ]
 [ 1.0968945  -1.0636214  -1.0638485  -1.0637858  -1.1342541 ]
 [ 1.0850462  -1.0023699  -1.0101407  -1.0555081  -1.1123927 ]
 [ 1.0740988  -0.97428274 -0.9812788  -1.0461514  -0.9812243 ]
 [ 1.0639253  -0.97022265 -0.9752499  -1.0359944  -1.0577393 ]
 [ 1.053745   -0.9667266  -0.9671229  -1.0258709  -0.9702936 ]
 [ 1.0440137  -0.97484916 -0.9718347  -1.0153836  -1.0905313 ]
 [ 1.0325147  -0.93830204 -0.9423002  -1.005788   -1.2435611 ]
 [ 1.0180529  -0.83576065 -0.8157314  -0.9985348  -1.0686699 ]
 [ 1.0034657  -0.74901575 -0.7497773  -0.9887561  -0.773541  ]
 [ 0.98858    -0.67073107 -0.6842329  -0.9783352  -0.71888745]
 [ 0.9745838  -0.6284308  -0.6464321  -0.96661776 -0.8500559 ]
 [ 0.96322846 -0.658324   -0.6620853  -0.9532642  -0.8609866 ]
 [ 0.94626546 -0.545747   -0.5736392  -0.942669   -0.8937787 ]
 [ 0.9303256  -0.47862983 -0.5083506  -0.9306781  -1.0686699 ]
 [ 0.9151462  -0.44230804 -0.4673976  -0.91755944 -0.95936286]
 [ 0.89959013 -0.40339184 -0.42599598 -0.9041674  -0.88284796]
 [ 0.88079274 -0.292623   -0.40958992 -0.8894413  -0.8609866 ]
 [ 0.86627847 -0.30615783 -0.3427429  -0.8758564  -0.78447163]
 [ 0.85129315 -0.3059328  -0.33099347 -0.8606835  -0.8172638 ]
 [ 0.8363705  -0.30728704 -0.3226126  -0.8454137  -0.8172638 ]
 [ 0.81860054 -0.23881651 -0.2610868  -0.8314551  -0.82819444]
 [ 0.7991233  -0.1410168  -0.16628934 -0.81784135 -0.6642339 ]
 [ 0.7787988  -0.04016993 -0.03669158 -0.8045034  -0.44561988]
 [ 0.75809926  0.05131242  0.03533413 -0.7887041  -0.55492693]
 [ 0.73545647  0.17370288  0.13989547 -0.77304184 -0.29259005]
 [ 0.71222675  0.2881972   0.2427193  -0.75641096 -0.35817426]
 [ 0.6857245   0.4619133   0.39330176 -0.74007154 -0.29259005]
 [ 0.6616303   0.54516125  0.4822344  -0.7209039  -0.28165936]
 [ 0.6357174   0.6577381   0.59519017 -0.7016917  -0.09583742]
 [ 0.60932213  0.7616291   0.70093817 -0.68143636  0.12277662]
 [ 0.582103    0.866761    0.8064856  -0.6603734   0.27580646]
 [ 0.5537835   0.9796765   0.9181204  -0.63865584  0.5381433 ]
 [ 0.52067906  1.188241    0.90279585 -0.61190236  0.6365196 ]
 [ 0.49398932  1.2031316   1.013021   -0.5880446   0.6474503 ]
 [ 0.46586075  1.2501693   1.0579743  -0.5619951   0.5818661 ]
 [ 0.43711665  1.3038636   1.1561534  -0.53712976  0.48348978]
 [ 0.4063663   1.3968133   1.2793818  -0.5124465   0.9097872 ]
 [ 0.37689218  1.4417095   1.3792725  -0.48656103  1.1284012 ]
 [ 0.34340036  1.5765088   1.5088762  -0.46086583  1.3470153 ]
 [ 0.31242663  1.6252397   1.5681263  -0.43238497  1.5328372 ]]
exception: did not work for AL week 202044: maximum supported dimension for an ndarray is 32, found 76

test mode, using existing params json
[[ 1.3765498  -1.812815   -1.7924093  -1.3094902  -1.9514127 ]
 [ 1.3723543  -1.8057786  -1.7893847  -1.3056184   0.06167883]
 [ 1.368513   -1.809354   -1.794299   -1.3015212   0.06167883]
 [ 1.3640013  -1.7946101  -1.7842914  -1.2978022   0.4406137 ]
 [ 1.3593533  -1.7789736  -1.7780014  -1.2938782   0.18009599]
 [ 1.3545463  -1.7619982  -1.7738158  -1.2897793  -0.27665585]
 [ 1.3498104  -1.749935   -1.7599841  -1.2858411  -0.58961546]
 [ 1.3447921  -1.7326219  -1.7423792  -1.2818943  -0.8856583 ]
 [ 1.3395152  -1.7116225  -1.7181425  -1.2779891  -0.7909246 ]
 [ 1.3340319  -1.6890613  -1.7084869  -1.2735237  -0.64882404]
 [ 1.3284205  -1.6671684  -1.684789   -1.2692844  -0.747505  ]
 [ 1.3230182  -1.6547701  -1.6682097  -1.2647188  -0.7399141 ]
 [ 1.3175179  -1.6420368  -1.6492732  -1.2601281  -0.8010746 ]
 [ 1.3121114  -1.6341069  -1.6386727  -1.255235   -0.94881415]
 [ 1.3052288  -1.588645   -1.5864469  -1.2513008  -0.8856583 ]
 [ 1.2985979  -1.5581515  -1.5602303  -1.2463734  -0.843864  ]
 [ 1.2924255  -1.5453074  -1.5523249  -1.2407719  -0.95144564]
 [ 1.2860593  -1.5296702  -1.5364345  -1.2352707  -0.985378  ]
 [ 1.2793695  -1.5083363  -1.5133137  -1.2298299  -0.8856583 ]
 [ 1.2727314  -1.4922523  -1.4961339  -1.2240919  -0.91949177]
 [ 1.2655377  -1.4644397  -1.4687775  -1.2184794  -0.8179914 ]
 [ 1.2590182  -1.4594128  -1.4463321  -1.2126203  -0.7503244 ]
 [ 1.253055   -1.4700251  -1.4580679  -1.2058293  -1.0322701 ]
 [ 1.2469146  -1.4740473  -1.4650316  -1.1992062  -1.2014374 ]
 [ 1.2407812  -1.477511   -1.469002   -1.1926777  -1.4608274 ]
 [ 1.2332058  -1.4423265  -1.4386512  -1.1869766  -1.3142157 ]
 [ 1.2262521  -1.4299289  -1.4253584  -1.1806425  -1.1901596 ]
 [ 1.2192044  -1.4173077  -1.4121825  -1.1742188  -1.1901596 ]
 [ 1.2117432  -1.3960859  -1.3929979  -1.167848   -0.908214  ]
 [ 1.2041824  -1.3760927  -1.3746529  -1.1613132  -0.9533253 ]
 [ 1.1952764  -1.324265   -1.3311727  -1.1552082  -0.9871587 ]
 [ 1.1866782  -1.2899742  -1.2986131  -1.1484905  -0.9420474 ]
 [ 1.1763027  -1.2150245  -1.2314715  -1.1423339  -0.91949177]
 [ 1.165774   -1.1496811  -1.1722715  -1.1354482  -0.96460307]
 [ 1.155282   -1.0971831  -1.1199255  -1.1279441  -0.9871587 ]
 [ 1.1478184  -1.1340439  -1.1400554  -1.11838    -1.1450483 ]
 [ 1.1393831  -1.1386243  -1.1384491  -1.1095567  -1.1788818 ]
 [ 1.1285048  -1.0779727  -1.0853832  -1.1019481  -1.156326  ]
 [ 1.1184536  -1.0501605  -1.0568663  -1.0933477  -1.0209922 ]
 [ 1.109113   -1.0461402  -1.0509094  -1.0840117  -1.099937  ]
 [ 1.099766   -1.0426784  -1.0428796  -1.0747064  -1.0097144 ]
 [ 1.0908315  -1.0507214  -1.0475351  -1.0650667  -1.1337705 ]
 [ 1.0802737  -1.0145321  -1.0183536  -1.0562468  -1.29166   ]
 [ 1.066996   -0.9129948  -0.8932977  -1.0495799  -1.1112148 ]
 [ 1.0536029  -0.8270993  -0.828132   -1.0405915  -0.8067136 ]
 [ 1.0399358  -0.7495812  -0.76337093 -1.0310129  -0.7503244 ]
 [ 1.0270855  -0.7076951  -0.726022   -1.0202425  -0.8856583 ]
 [ 1.0166597  -0.7372956  -0.74148804 -1.0079683  -0.8969361 ]
 [ 1.0010855  -0.62582093 -0.65409917 -0.99822944 -0.9307696 ]
 [ 0.9864506  -0.559361   -0.58959097 -0.9872078  -1.1112148 ]
 [ 0.9725138  -0.5233949  -0.54912746 -0.97514945 -0.99843657]
 [ 0.95823133 -0.48485973 -0.50822073 -0.96283984 -0.91949177]
 [ 0.9409728  -0.37517554 -0.49201074 -0.949304   -0.8969361 ]
 [ 0.92764676 -0.38857782 -0.42596275 -0.9368171  -0.8179914 ]
 [ 0.9138882  -0.388355   -0.41435376 -0.9228706  -0.8518249 ]
 [ 0.90018725 -0.38969597 -0.4060731  -0.90883493 -0.8518249 ]
 [ 0.88387203 -0.3218959  -0.34528267 -0.8960046  -0.8631027 ]
 [ 0.8659893  -0.22505383 -0.25161833 -0.8834912  -0.69393533]
 [ 0.8473288  -0.12519445 -0.12356964 -0.8712313  -0.46837887]
 [ 0.8283238  -0.03460787 -0.05240484 -0.85670906 -0.5811571 ]
 [ 0.8075347   0.08658415  0.05090668 -0.8423127  -0.31048933]
 [ 0.7862067   0.19995736  0.15250146 -0.82702607 -0.37815627]
 [ 0.7618741   0.37197244  0.30128404 -0.8120073  -0.31048933]
 [ 0.7397524   0.45440525  0.38915366 -0.79438895 -0.2992115 ]
 [ 0.7159609   0.56587976  0.5007593  -0.7767296  -0.10748851]
 [ 0.6917265   0.66875345  0.6052433  -0.7581114   0.11806795]
 [ 0.66673577  0.77285594  0.7095291  -0.7387509   0.27595747]
 [ 0.6407346   0.8846658   0.8198295  -0.71878874  0.54662526]
 [ 0.61034036  1.0911881   0.8046882  -0.69419765  0.64812565]
 [ 0.58583564  1.1059328   0.91359586 -0.6722682   0.65940344]
 [ 0.56000984  1.1525099   0.9580118  -0.64832425  0.59173656]
 [ 0.5336189   1.2056785   1.0550175  -0.6254687   0.49023613]
 [ 0.505386    1.2977179   1.1767727  -0.6027805   0.93007123]
 [ 0.47832483  1.3421745   1.2754695  -0.57898724  1.1556277 ]
 [ 0.44757488  1.4756539   1.4035242  -0.5553689   1.3811841 ]
 [ 0.41913685  1.5239078   1.462066   -0.52919006  1.5729072 ]]
exception: did not work for AL week 202046: maximum supported dimension for an ndarray is 32, found 76

test mode, using existing params json
[[ 1.3853862  -1.8094004  -1.7904993  -1.3272989  -1.9154298 ]
 [ 1.3815553  -1.8028269  -1.7876734  -1.323749   -0.06240643]
 [ 1.378048   -1.806167   -1.792265   -1.3199923  -0.06240643]
 [ 1.3739284  -1.7923928  -1.7829145  -1.3165824   0.28639796]
 [ 1.3696845  -1.7777845  -1.7770376  -1.3129846   0.04659494]
 [ 1.3652952  -1.7619252  -1.7731267  -1.3092265  -0.37383893]
 [ 1.360971   -1.7506554  -1.7602035  -1.3056157  -0.661914  ]
 [ 1.3563889  -1.7344807  -1.7437546  -1.301997   -0.9344174 ]
 [ 1.3515706  -1.7148622  -1.7211095  -1.2984164  -0.8472163 ]
 [ 1.3465639  -1.6937846  -1.712088   -1.2943221  -0.7164147 ]
 [ 1.3414403  -1.6733313  -1.6899462  -1.2904352  -0.8072491 ]
 [ 1.3365076  -1.6617483  -1.6744556  -1.2862492  -0.8002619 ]
 [ 1.3314853  -1.6498523  -1.6567627  -1.2820402  -0.8565593 ]
 [ 1.3265487  -1.6424439  -1.6468583  -1.2775538  -0.9925515 ]
 [ 1.3202643  -1.5999714  -1.5980622  -1.2739468  -0.9344174 ]
 [ 1.3142098  -1.571483   -1.573567   -1.2694288  -0.8959463 ]
 [ 1.3085738  -1.5594836  -1.5661807  -1.2642931  -0.9949737 ]
 [ 1.3027611  -1.5448747  -1.5513339  -1.2592491  -1.026208  ]
 [ 1.2966528  -1.5249436  -1.5297314  -1.2542607  -0.9344174 ]
 [ 1.2905917  -1.5099173  -1.5136797  -1.2489996  -0.9655607 ]
 [ 1.2840233  -1.4839337  -1.4881198  -1.2438537  -0.87213093]
 [ 1.2780703  -1.4792372  -1.4671484  -1.2384816  -0.80984443]
 [ 1.2726254  -1.4891517  -1.4781134  -1.2322551  -1.0693715 ]
 [ 1.2670188  -1.4929094  -1.48462    -1.2261826  -1.2250878 ]
 [ 1.2614185  -1.4961454  -1.4883295  -1.220197   -1.4638526 ]
 [ 1.2545016  -1.4632745  -1.4599718  -1.2149696  -1.3288985 ]
 [ 1.2481523  -1.4516921  -1.447552   -1.2091621  -1.2147067 ]
 [ 1.2417172  -1.4399009  -1.4352412  -1.2032723  -1.2147067 ]
 [ 1.2349045  -1.4200746  -1.4173166  -1.1974312  -0.9551796 ]
 [ 1.2280009  -1.401396   -1.4001762  -1.1914395  -0.9967039 ]
 [ 1.2198689  -1.3529764  -1.3595512  -1.1858422  -1.0278472 ]
 [ 1.2120181  -1.3209405  -1.3291297  -1.1796829  -0.9863228 ]
 [ 1.2025445  -1.2509192  -1.2663972  -1.174038   -0.9655607 ]
 [ 1.1929309  -1.1898726  -1.2110847  -1.1677247  -1.007085  ]
 [ 1.1833509  -1.140827   -1.1621761  -1.1608444  -1.0278472 ]
 [ 1.1765361  -1.1752638  -1.1809843  -1.1520754  -1.1731824 ]
 [ 1.1688339  -1.179543   -1.1794833  -1.1439856  -1.2043256 ]
 [ 1.1589011  -1.1228796  -1.1299021  -1.1370096  -1.1835635 ]
 [ 1.1497235  -1.0968964  -1.1032579  -1.129124   -1.0589905 ]
 [ 1.1411948  -1.0931405  -1.0976923  -1.1205641  -1.131658  ]
 [ 1.1326603  -1.0899062  -1.0901897  -1.1120324  -1.0486094 ]
 [ 1.1245023  -1.0974203  -1.0945395  -1.103194   -1.1628013 ]
 [ 1.1148623  -1.0636108  -1.0672743  -1.0951072  -1.3081365 ]
 [ 1.1027386  -0.96875036 -0.9504306  -1.0889945  -1.1420391 ]
 [ 1.0905097  -0.88850313 -0.8895441  -1.0807534  -0.8617498 ]
 [ 1.0780306  -0.8160824  -0.8290358  -1.071971   -0.80984443]
 [ 1.0662972  -0.77695066 -0.7941395  -1.062096   -0.9344174 ]
 [ 1.0567776  -0.8046047  -0.80858994 -1.0508422  -0.9447985 ]
 [ 1.042557   -0.7004603  -0.72693974 -1.0419129  -0.9759418 ]
 [ 1.0291942  -0.63837063 -0.66666764 -1.0318074  -1.1420391 ]
 [ 1.0164688  -0.6047695  -0.6288613  -1.0207515  -1.0382283 ]
 [ 1.0034277  -0.5687684  -0.5906408  -1.0094652  -0.9655607 ]
 [ 0.9876693  -0.46629673 -0.5754953  -0.9970546  -0.9447985 ]
 [ 0.97550154 -0.47881773 -0.5137845  -0.98560566 -0.87213093]
 [ 0.9629389  -0.47860956 -0.50293785 -0.97281855 -0.9032742 ]
 [ 0.95042884 -0.47986236 -0.495201   -0.9599497  -0.9032742 ]
 [ 0.93553174 -0.41652066 -0.43840256 -0.9481859  -0.9136553 ]
 [ 0.91920334 -0.32604668 -0.35088897 -0.93671274 -0.757939  ]
 [ 0.90216476 -0.2327538  -0.23124894 -0.92547196 -0.55031735]
 [ 0.88481164 -0.14812398 -0.1647574  -0.91215694 -0.6541282 ]
 [ 0.8658295  -0.03490125 -0.06823013 -0.8989574  -0.40498218]
 [ 0.8463554   0.07101682  0.02669313 -0.88494146 -0.46726868]
 [ 0.82413775  0.2317206   0.16570546 -0.87117124 -0.40498218]
 [ 0.80393887  0.30873284  0.24780488 -0.8550174  -0.3946011 ]
 [ 0.7822153   0.41287702  0.35208163 -0.83882606 -0.21812268]
 [ 0.7600874   0.50898606  0.44970435 -0.82175565 -0.01050101]
 [ 0.7372688   0.60624295  0.5471419  -0.80400455  0.13483416]
 [ 0.7135276   0.71070045  0.6501992  -0.7857018   0.38398015]
 [ 0.6857752   0.9036423   0.63605213 -0.763155    0.4774099 ]
 [ 0.6634004   0.9174175   0.73780805 -0.7430485   0.48779097]
 [ 0.6398194   0.9609319   0.7793073  -0.72109497  0.42550448]
 [ 0.61572236  1.0106041   0.8699428  -0.70013934  0.33207473]
 [ 0.5899434   1.0965914   0.98370266 -0.67933726  0.736937  ]
 [ 0.5652344   1.1381246   1.0759182  -0.6575219   0.9445586 ]
 [ 0.53715724  1.2628267   1.1955638  -0.63586694  1.1521803 ]
 [ 0.511191    1.3079075   1.2502613  -0.61186427  1.3286587 ]]
exception: did not work for AL week 202048: maximum supported dimension for an ndarray is 32, found 76

test mode, using existing params json
[[ 1.375657   -1.6180296  -1.603111   -1.3320924  -1.7514538 ]
 [ 1.3722093  -1.6127379  -1.6008352  -1.3288624  -0.20297581]
 [ 1.3690528  -1.6154268  -1.604533   -1.3254445  -0.20297581]
 [ 1.3653454  -1.6043386  -1.5970027  -1.322342    0.08850239]
 [ 1.3615259  -1.592579   -1.59227    -1.3190686  -0.11188887]
 [ 1.3575758  -1.5798124  -1.5891205  -1.3156493  -0.4632242 ]
 [ 1.3536842  -1.5707402  -1.578713   -1.3123639  -0.703954  ]
 [ 1.3495605  -1.5577198  -1.5654664  -1.3090714  -0.9316713 ]
 [ 1.3452243  -1.541927   -1.5472298  -1.3058137  -0.8588018 ]
 [ 1.3407184  -1.5249597  -1.5399646  -1.3020885  -0.7494975 ]
 [ 1.3361074  -1.508495   -1.5221331  -1.298552   -0.8254032 ]
 [ 1.331668   -1.4991708  -1.5096583  -1.2947433  -0.81956434]
 [ 1.3271483  -1.4895946  -1.4954097  -1.2909137  -0.8666092 ]
 [ 1.3227055  -1.4836308  -1.4874334  -1.2868317  -0.980251  ]
 [ 1.3170499  -1.4494408  -1.4481368  -1.2835499  -0.9316713 ]
 [ 1.311601   -1.4265078  -1.4284103  -1.2794393  -0.899523  ]
 [ 1.3065289  -1.4168484  -1.422462   -1.2747664  -0.9822752 ]
 [ 1.3012977  -1.4050883  -1.4105054  -1.2701772  -1.0083761 ]
 [ 1.2958003  -1.3890439  -1.3931084  -1.2656385  -0.9316713 ]
 [ 1.2903457  -1.3769479  -1.3801817  -1.2608516  -0.9576962 ]
 [ 1.2844343  -1.3560313  -1.3595976  -1.2561697  -0.8796216 ]
 [ 1.279077   -1.3522507  -1.3427088  -1.2512819  -0.827572  ]
 [ 1.2741768  -1.3602318  -1.3515393  -1.2456167  -1.0444456 ]
 [ 1.2691311  -1.3632567  -1.3567791  -1.2400917  -1.1745698 ]
 [ 1.264091   -1.3658617  -1.3597665  -1.2346455  -1.3740937 ]
 [ 1.257866   -1.3394009  -1.3369293  -1.2298895  -1.2613193 ]
 [ 1.252152   -1.330077   -1.3269273  -1.2246054  -1.1658949 ]
 [ 1.2463607  -1.3205853  -1.3170133  -1.2192467  -1.1658949 ]
 [ 1.2402295  -1.3046252  -1.302578   -1.2139322  -0.9490212 ]
 [ 1.2340165  -1.2895892  -1.2887745  -1.2084806  -0.983721  ]
 [ 1.226698   -1.2506117  -1.2560582  -1.2033877  -1.0097458 ]
 [ 1.2196326  -1.224823   -1.231559   -1.1977838  -0.97504604]
 [ 1.2111067  -1.1684564  -1.1810391  -1.1926478  -0.9576962 ]
 [ 1.2024549  -1.1193144  -1.1364948  -1.1869037  -0.99239594]
 [ 1.1938334  -1.0798329  -1.0971074  -1.1806437  -1.0097458 ]
 [ 1.1877003  -1.1075544  -1.112254   -1.1726651  -1.1311951 ]
 [ 1.1807686  -1.1109991  -1.1110454  -1.1653045  -1.1572199 ]
 [ 1.1718295  -1.0653856  -1.0711164  -1.1589574  -1.13987   ]
 [ 1.1635702  -1.0444692  -1.0496591  -1.1517828  -1.0357707 ]
 [ 1.1558945  -1.0414457  -1.045177   -1.1439945  -1.0964953 ]
 [ 1.1482139  -1.0388422  -1.0391351  -1.1362319  -1.0270958 ]
 [ 1.140872   -1.044891   -1.0426381  -1.1281903  -1.1225202 ]
 [ 1.1321964  -1.0176746  -1.0206808  -1.1208326  -1.2439694 ]
 [ 1.1212856  -0.9413126  -0.92658365 -1.1152709  -1.1051702 ]
 [ 1.11028    -0.8767142  -0.87755036 -1.1077727  -0.8709467 ]
 [ 1.0990493  -0.81841606 -0.8288216  -1.099782   -0.827572  ]
 [ 1.0884898  -0.7869153  -0.8007188  -1.0907972  -0.9316713 ]
 [ 1.0799226  -0.8091766  -0.81235605 -1.0805578  -0.9403463 ]
 [ 1.0671246  -0.7253412  -0.74660116 -1.0724336  -0.9663711 ]
 [ 1.0550985  -0.6753595  -0.69806266 -1.0632391  -1.1051702 ]
 [ 1.0436462  -0.64831084 -0.6676163  -1.0531799  -1.0184208 ]
 [ 1.0319098  -0.61933017 -0.6368364  -1.0429109  -0.9576962 ]
 [ 1.0177279  -0.5368413  -0.6246394  -1.0316192  -0.9403463 ]
 [ 1.0067774  -0.5469206  -0.57494223 -1.0212023  -0.8796216 ]
 [ 0.99547154 -0.546753   -0.5662072  -1.009568   -0.9056465 ]
 [ 0.98421293 -0.5477615  -0.55997646 -0.99785924 -0.9056465 ]
 [ 0.9708062  -0.4967719  -0.5142353  -0.987156   -0.9143214 ]
 [ 0.9561113  -0.42394105 -0.44375858 -0.97671705 -0.7841972 ]
 [ 0.94077724 -0.34884098 -0.34740964 -0.9664896  -0.6106983 ]
 [ 0.92516017 -0.28071463 -0.2938624  -0.9543749  -0.6974478 ]
 [ 0.90807706 -0.18957117 -0.2161267  -0.9423653  -0.48924905]
 [ 0.8905511  -0.10430793 -0.13968274 -0.92961293 -0.54129875]
 [ 0.8705561   0.0250574  -0.02773281 -0.91708404 -0.48924905]
 [ 0.85237795  0.08705166  0.0383838  -0.9023865  -0.4805741 ]
 [ 0.8328276   0.17088695  0.12236034 -0.8876547  -0.33310002]
 [ 0.8129134   0.24825397  0.20097825 -0.8721232  -0.15960108]
 [ 0.7923776   0.3265451   0.27944705 -0.8559723  -0.03815183]
 [ 0.77101153  0.41063258  0.36244148 -0.8393195   0.1700469 ]
 [ 0.7460355   0.5659493   0.35104853 -0.8188053   0.24812141]
 [ 0.7258991   0.5770382   0.432995   -0.80051136  0.25679636]
 [ 0.70467716  0.6120669   0.46641535 -0.7805369   0.20474668]
 [ 0.6829908   0.6520528   0.53940624 -0.76147044  0.12667216]
 [ 0.6597908   0.7212718   0.6310198  -0.74254364  0.4649951 ]
 [ 0.6375537   0.7547058   0.70528316 -0.7226949   0.638494  ]
 [ 0.6122853   0.85509     0.8016366  -0.7029921   0.81199294]
 [ 0.58891684  0.8913797   0.8456858  -0.68115324  0.95946705]]
exception: did not work for AL week 202050: maximum supported dimension for an ndarray is 32, found 76

test mode, using existing params json
[[ 1.3419499  -1.3599356  -1.3477756  -1.3168855  -1.4924154 ]
 [ 1.3389187  -1.3560706  -1.3461152  -1.3139993  -0.3224974 ]
 [ 1.3361434  -1.3580346  -1.3488132  -1.3109452  -0.3224974 ]
 [ 1.3328837  -1.3499359  -1.3433189  -1.308173   -0.10227752]
 [ 1.3295257  -1.3413469  -1.3398659  -1.3052478  -0.25367868]
 [ 1.3260527  -1.3320223  -1.3375679  -1.3021923  -0.51912224]
 [ 1.3226311  -1.3253961  -1.3299745  -1.2992567  -0.7010003 ]
 [ 1.3190055  -1.3158861  -1.3203096  -1.2963147  -0.87304705]
 [ 1.315193   -1.3043513  -1.3070039  -1.2934036  -0.8179921 ]
 [ 1.3112315  -1.2919586  -1.3017031  -1.290075   -0.7354096 ]
 [ 1.3071773  -1.2799329  -1.2886931  -1.2869148  -0.7927586 ]
 [ 1.3032743  -1.2731227  -1.2795913  -1.2835115  -0.7883471 ]
 [ 1.2993003  -1.2661283  -1.2691953  -1.2800896  -0.8238908 ]
 [ 1.2953942  -1.2617724  -1.2633758  -1.276442   -0.90975034]
 [ 1.2904217  -1.2368004  -1.2347044  -1.2735095  -0.87304705]
 [ 1.2856311  -1.2200506  -1.2203116  -1.2698364  -0.8487581 ]
 [ 1.2811716  -1.2129954  -1.2159716  -1.2656609  -0.9112797 ]
 [ 1.2765721  -1.204406   -1.207248   -1.2615602  -0.93099964]
 [ 1.2717389  -1.1926874  -1.1945549  -1.2575045  -0.87304705]
 [ 1.266943   -1.1838526  -1.1851233  -1.2532271  -0.89270955]
 [ 1.2617457  -1.1685753  -1.170105   -1.2490435  -0.83372205]
 [ 1.2570354  -1.1658139  -1.1577827  -1.2446759  -0.7943971 ]
 [ 1.252727   -1.1716433  -1.1642255  -1.2396137  -0.9582512 ]
 [ 1.2482908  -1.1738527  -1.1680485  -1.2346767  -1.0565636 ]
 [ 1.2438595  -1.1757553  -1.1702282  -1.2298102  -1.2073094 ]
 [ 1.2383864  -1.1564286  -1.1535659  -1.2255604  -1.1221052 ]
 [ 1.2333624  -1.1496186  -1.1462682  -1.2208388  -1.0500095 ]
 [ 1.2282706  -1.142686   -1.1390349  -1.2160504  -1.0500095 ]
 [ 1.2228801  -1.1310289  -1.1285027  -1.2113014  -0.88615537]
 [ 1.2174175  -1.1200467  -1.1184314  -1.2064302  -0.91237205]
 [ 1.210983   -1.0915781  -1.0945613  -1.2018794  -0.9320345 ]
 [ 1.204771   -1.0727425  -1.0766864  -1.1968719  -0.90581787]
 [ 1.1972749  -1.0315729  -1.0398263  -1.1922826  -0.89270955]
 [ 1.1896682  -0.9956802  -1.0073261  -1.1871498  -0.9189262 ]
 [ 1.1820879  -0.9668434  -0.97858864 -1.181556   -0.9320345 ]
 [ 1.1766956  -0.9870908  -0.98963976 -1.1744267  -1.0237927 ]
 [ 1.1706011  -0.9896068  -0.98875785 -1.1678495  -1.0434552 ]
 [ 1.1627418  -0.9562912  -0.9596252  -1.1621779  -1.030347  ]
 [ 1.15548    -0.9410142  -0.9439697  -1.1557668  -0.951697  ]
 [ 1.1487316  -0.9388058  -0.9406995  -1.1488075  -0.9975761 ]
 [ 1.1419786  -0.93690425 -0.9362912  -1.1418712  -0.94514287]
 [ 1.1355236  -0.94132227 -0.938847   -1.1346855  -1.0172386 ]
 [ 1.1278958  -0.9214437  -0.92282665 -1.1281108  -1.1089969 ]
 [ 1.1183028  -0.86566985 -0.85417217 -1.123141   -1.0041304 ]
 [ 1.1086266  -0.818488   -0.8183968  -1.116441   -0.8271679 ]
 [ 1.0987524  -0.7759077  -0.78284365 -1.1093009  -0.7943971 ]
 [ 1.0894682  -0.75289994 -0.7623395  -1.1012722  -0.87304705]
 [ 1.0819358  -0.7691593  -0.77083015 -1.0921227  -0.87960124]
 [ 1.0706837  -0.707927   -0.7228545  -1.0848632  -0.8992637 ]
 [ 1.0601102  -0.67142093 -0.68744016 -1.0766473  -1.0041304 ]
 [ 1.0500412  -0.6516649  -0.6652261  -1.0676587  -0.9385887 ]
 [ 1.0397223  -0.6304978  -0.6427687  -1.0584828  -0.89270955]
 [ 1.0272534  -0.5702489  -0.6338696  -1.0483928  -0.87960124]
 [ 1.0176256  -0.57761073 -0.5976098  -1.0390847  -0.83372205]
 [ 1.0076853  -0.5774883  -0.59123665 -1.0286885  -0.85338455]
 [ 0.9977866  -0.5782249  -0.5866906  -1.018226   -0.85338455]
 [ 0.9859991  -0.5409827  -0.5533173  -1.008662   -0.85993874]
 [ 0.9730792  -0.48778796 -0.5018965  -0.99933416 -0.7616263 ]
 [ 0.95959723 -0.4329358  -0.431599   -0.9901953  -0.63054305]
 [ 0.94586647 -0.38317713 -0.3925302  -0.97937    -0.6960847 ]
 [ 0.93084675 -0.3166071  -0.3358132  -0.96863854 -0.53878474]
 [ 0.9154377  -0.25433186 -0.28003865 -0.9572435  -0.57810974]
 [ 0.8978578  -0.159845   -0.19835848 -0.9460481  -0.53878474]
 [ 0.8818753  -0.11456514 -0.1501189  -0.93291485 -0.5322306 ]
 [ 0.86468637 -0.05333287 -0.08884849 -0.9197511  -0.42080984]
 [ 0.84717745  0.00317505 -0.0314878  -0.90587264 -0.2897266 ]
 [ 0.82912207  0.06035792  0.02576408 -0.89144075 -0.19796829]
 [ 0.8103367   0.1217744   0.08631795 -0.8765604  -0.04066839]
 [ 0.7883774   0.23521584  0.0780055  -0.8582295   0.01831907]
 [ 0.7706732   0.24331507  0.13779475 -0.84188277  0.02487324]
 [ 0.7520145   0.26889962  0.16217868 -0.8240343  -0.01445174]
 [ 0.7329476   0.2981048   0.21543384 -0.8069971  -0.0734392 ]
 [ 0.7125498   0.3486615   0.28227627 -0.7900847   0.18217313]
 [ 0.6929986   0.37308127  0.33645988 -0.7723486   0.31325638]
 [ 0.6707823   0.44640067  0.4067606  -0.7547428   0.44433966]
 [ 0.65023637  0.47290623  0.43889952 -0.7352284   0.55576044]]
exception: did not work for AL week 202052: maximum supported dimension for an ndarray is 32, found 76

test mode, using existing params json
[[ 1.2977211  -1.2760001  -1.2602193  -1.2823769  -1.4012533 ]
 [ 1.2950877  -1.2727864  -1.2588478  -1.2798496  -0.41254   ]
 [ 1.2926767  -1.2744193  -1.2610762  -1.2771752  -0.41254   ]
 [ 1.2898449  -1.2676852  -1.2565384  -1.2747476  -0.22642925]
 [ 1.2869276  -1.2605432  -1.2536862  -1.2721863  -0.3543804 ]
 [ 1.2839104  -1.2527899  -1.2517883  -1.2695107  -0.5787103 ]
 [ 1.2809379  -1.24728    -1.2455164  -1.2669401  -0.7324179 ]
 [ 1.2777882  -1.2393724  -1.2375337  -1.2643639  -0.87781686]
 [ 1.2744762  -1.2297809  -1.2265438  -1.2618148  -0.8312892 ]
 [ 1.2710345  -1.2194762  -1.2221656  -1.2589     -0.7614977 ]
 [ 1.2675124  -1.2094767  -1.2114198  -1.2561328  -0.809964  ]
 [ 1.2641217  -1.2038139  -1.2039022  -1.2531526  -0.8062358 ]
 [ 1.2606694  -1.197998   -1.1953156  -1.2501562  -0.8362743 ]
 [ 1.2572759  -1.1943761  -1.1905088  -1.2469622  -0.90883535]
 [ 1.252956   -1.1736115  -1.1668277  -1.2443942  -0.87781686]
 [ 1.2487941  -1.1596837  -1.1549399  -1.2411778  -0.85728997]
 [ 1.24492    -1.1538173  -1.1513553  -1.2375215  -0.91012776]
 [ 1.2409242  -1.1466751  -1.1441499  -1.2339306  -0.9267934 ]
 [ 1.2367253  -1.136931   -1.133666   -1.2303792  -0.87781686]
 [ 1.2325588  -1.1295847  -1.1258761  -1.2266337  -0.8944339 ]
 [ 1.2280437  -1.1168814  -1.1134715  -1.2229702  -0.8445828 ]
 [ 1.2239517  -1.1145853  -1.1032939  -1.2191458  -0.81134874]
 [ 1.2202089  -1.1194324  -1.1086154  -1.2147129  -0.94982404]
 [ 1.2163548  -1.1212696  -1.111773   -1.2103897  -1.0329092 ]
 [ 1.2125051  -1.1228516  -1.1135733  -1.2061284  -1.1603065 ]
 [ 1.2077503  -1.1067812  -1.0998111  -1.202407   -1.0882993 ]
 [ 1.2033858  -1.1011187  -1.0937835  -1.1982725  -1.0273702 ]
 [ 1.1989623  -1.0953541  -1.0878091  -1.1940794  -1.0273702 ]
 [ 1.1942793  -1.085661   -1.07911    -1.1899209  -0.8888949 ]
 [ 1.1895337  -1.0765293  -1.0707916  -1.1856554  -0.9110509 ]
 [ 1.1839437  -1.0528572  -1.0510759  -1.1816703  -0.927668  ]
 [ 1.1785471  -1.0371951  -1.036312   -1.1772854  -0.9055119 ]
 [ 1.1720349  -1.0029621  -1.0058674  -1.1732668  -0.8944339 ]
 [ 1.1654265  -0.97311676 -0.97902364 -1.1687722  -0.91659   ]
 [ 1.1588411  -0.9491386  -0.9552878  -1.1638739  -0.927668  ]
 [ 1.1541566  -0.96597457 -0.96441555 -1.157631   -1.0052141 ]
 [ 1.148862   -0.9680667  -0.9636872  -1.1518717  -1.0218312 ]
 [ 1.1420342  -0.9403643  -0.9396249  -1.1469053  -1.0107532 ]
 [ 1.1357255  -0.92766124 -0.9266942  -1.1412914  -0.944285  ]
 [ 1.1298628  -0.925825   -0.9239931  -1.1351974  -0.9830581 ]
 [ 1.1239961  -0.9242438  -0.9203521  -1.1291234  -0.938746  ]
 [ 1.1183884  -0.9279174  -0.92246306 -1.1228311  -0.9996751 ]
 [ 1.1117618  -0.91138816 -0.909231   -1.117074   -1.0772213 ]
 [ 1.1034279  -0.86501145 -0.85252553 -1.1127222  -0.9885971 ]
 [ 1.0950216  -0.8257791  -0.82297677 -1.1068552  -0.8390438 ]
 [ 1.0864434  -0.79037297 -0.79361147 -1.1006027  -0.81134874]
 [ 1.0783778  -0.7712417  -0.77667594 -1.0935725  -0.87781686]
 [ 1.0718341  -0.7847616  -0.7836889  -1.0855606  -0.8833559 ]
 [ 1.0620588  -0.73384607 -0.7440632  -1.0792036  -0.8999729 ]
 [ 1.0528731  -0.7034908  -0.7148126  -1.0720092  -0.9885971 ]
 [ 1.0441257  -0.68706346 -0.6964648  -1.0641383  -0.933207  ]
 [ 1.0351611  -0.6694627  -0.677916   -1.0561032  -0.8944339 ]
 [ 1.0243287  -0.6193649  -0.6705657  -1.0472678  -0.8833559 ]
 [ 1.0159645  -0.6254864  -0.64061683 -1.0391171  -0.8445828 ]
 [ 1.007329   -0.62538457 -0.63535285 -1.0300136  -0.86119986]
 [ 0.99872947 -0.62599707 -0.63159806 -1.020852   -0.86119986]
 [ 0.98848915 -0.5950297  -0.60403323 -1.012477   -0.86673886]
 [ 0.97726494 -0.5507975  -0.561562   -1.0043089  -0.7836537 ]
 [ 0.96555257 -0.5051872  -0.5034995  -0.9963064  -0.6728735 ]
 [ 0.95362395 -0.4638122  -0.4712305  -0.98682714 -0.7282636 ]
 [ 0.9405756  -0.4084583  -0.42438486 -0.97743    -0.5953273 ]
 [ 0.927189   -0.3566756  -0.37831765 -0.96745175 -0.6285614 ]
 [ 0.91191643 -0.2781085  -0.31085357 -0.9576484  -0.5953273 ]
 [ 0.89803165 -0.2404577  -0.27100992 -0.9461481  -0.5897883 ]
 [ 0.8830988  -0.18954223 -0.22040336 -0.9346211  -0.49562517]
 [ 0.8678879  -0.14255513 -0.17302607 -0.9224682  -0.38484496]
 [ 0.85220236 -0.0950068  -0.12573865 -0.90983075 -0.3072988 ]
 [ 0.8358826  -0.04393817 -0.07572394 -0.8968006  -0.17436256]
 [ 0.8168055   0.05038992 -0.08258964 -0.8807489  -0.12451146]
 [ 0.8014249   0.05712454 -0.03320647 -0.86643463 -0.11897245]
 [ 0.78521526  0.07839843 -0.01306647 -0.8508054  -0.15220651]
 [ 0.7686508   0.10268293  0.03091985 -0.8358866  -0.2020576 ]
 [ 0.75093025  0.14472154  0.08612864 -0.82107705  0.0139638 ]
 [ 0.7339452   0.16502689  0.13088179 -0.80554616  0.12474401]
 [ 0.7146448   0.22599298  0.18894698 -0.7901294   0.23552422]
 [ 0.6967955   0.2480327   0.21549223 -0.77304137  0.3296874 ]]
exception: did not work for AL week 202101: maximum supported dimension for an ndarray is 32, found 76

test mode, using existing params json
[[ 1.257079   -1.2687784  -1.2518567  -1.243116   -1.0707042 ]
 [ 1.2547855  -1.2658669  -1.2506186  -1.2409165  -0.44416502]
 [ 1.2526858  -1.2673463  -1.2526302  -1.2385888  -0.44416502]
 [ 1.2502196  -1.2612455  -1.2485336  -1.2364761  -0.32622823]
 [ 1.2476789  -1.2547752  -1.2459588  -1.2342469  -0.40730977]
 [ 1.2450511  -1.2477509  -1.2442454  -1.2319182  -0.5494657 ]
 [ 1.2424624  -1.2427593  -1.2385833  -1.229681   -0.6468689 ]
 [ 1.2397192  -1.2355953  -1.2313768  -1.2274388  -0.739007  ]
 [ 1.2368346  -1.226906   -1.2214555  -1.2252202  -0.7095228 ]
 [ 1.2338372  -1.2175704  -1.2175028  -1.2226834  -0.6652965 ]
 [ 1.2307699  -1.2085112  -1.207802   -1.220275   -0.6960092 ]
 [ 1.2278168  -1.2033811  -1.2010154  -1.2176813  -0.69364667]
 [ 1.2248101  -1.1981121  -1.1932636  -1.2150735  -0.71268183]
 [ 1.2218548  -1.1948308  -1.1889243  -1.2122936  -0.7586631 ]
 [ 1.2180926  -1.1760191  -1.1675456  -1.2100586  -0.739007  ]
 [ 1.2144679  -1.1634011  -1.1568137  -1.2072593  -0.7259993 ]
 [ 1.2110938  -1.1580864  -1.1535776  -1.2040771  -0.75948215]
 [ 1.2076138  -1.1516159  -1.1470728  -1.2009518  -0.770043  ]
 [ 1.203957   -1.142788   -1.1376083  -1.197861   -0.739007  ]
 [ 1.2003285  -1.1361327  -1.1305757  -1.1946012  -0.74953705]
 [ 1.1963961  -1.1246241  -1.1193774  -1.1914127  -0.7179469 ]
 [ 1.1928322  -1.122544   -1.1101893  -1.1880841  -0.6968867 ]
 [ 1.1895726  -1.1269354  -1.1149933  -1.1842262  -0.78463733]
 [ 1.1862161  -1.1285996  -1.117844   -1.1804636  -0.83728766]
 [ 1.1828634  -1.1300329  -1.1194692  -1.1767548  -0.9180182 ]
 [ 1.1787224  -1.115474   -1.107045   -1.1735159  -0.8723879 ]
 [ 1.1749213  -1.1103439  -1.1016036  -1.1699176  -0.83377767]
 [ 1.1710688  -1.1051214  -1.09621    -1.1662682  -0.83377767]
 [ 1.1669903  -1.0963401  -1.0883567  -1.162649   -0.74602705]
 [ 1.1628572  -1.088067   -1.0808473  -1.1589365  -0.76006716]
 [ 1.1579889  -1.0666212  -1.0630485  -1.1554683  -0.7705972 ]
 [ 1.1532888  -1.0524321  -1.0497202  -1.151652   -0.7565571 ]
 [ 1.1476172  -1.0214186  -1.0222356  -1.1481544  -0.74953705]
 [ 1.1418619  -0.9943801  -0.998002   -1.1442426  -0.76357716]
 [ 1.1361266  -0.97265697 -0.976574   -1.1399796  -0.7705972 ]
 [ 1.1320468  -0.9879096  -0.9848142  -1.1345462  -0.81973755]
 [ 1.1274357  -0.989805   -0.98415667 -1.1295336  -0.8302676 ]
 [ 1.1214893  -0.96470785 -0.962434   -1.1252112  -0.82324755]
 [ 1.1159949  -0.9531995  -0.9507606  -1.1203253  -0.7811273 ]
 [ 1.1108891  -0.95153594 -0.9483221  -1.1150216  -0.80569744]
 [ 1.1057798  -0.95010346 -0.9450351  -1.1097353  -0.7776173 ]
 [ 1.1008958  -0.9534316  -0.94694084 -1.1042589  -0.8162275 ]
 [ 1.0951246  -0.93845683 -0.93499535 -1.0992483  -0.8653678 ]
 [ 1.0878665  -0.8964417  -0.8838034  -1.0954608  -0.8092075 ]
 [ 1.0805454  -0.860899   -0.85712767 -1.0903544  -0.7144368 ]
 [ 1.0730746  -0.82882273 -0.8306176  -1.0849129  -0.6968867 ]
 [ 1.0660502  -0.81149065 -0.8153288  -1.0787942  -0.739007  ]
 [ 1.0603511  -0.82373905 -0.8216598  -1.0718212  -0.74251705]
 [ 1.0518377  -0.7776119  -0.785887   -1.0662886  -0.7530471 ]
 [ 1.0438378  -0.75011146 -0.7594804  -1.0600271  -0.8092075 ]
 [ 1.0362195  -0.735229   -0.7429166  -1.0531768  -0.7741072 ]
 [ 1.0284121  -0.7192836  -0.7261713  -1.0461837  -0.74953705]
 [ 1.018978   -0.6738973  -0.71953577 -1.038494   -0.74251705]
 [ 1.0116936  -0.67944306 -0.69249886 -1.0314002  -0.7179469 ]
 [ 1.0041727  -0.67935085 -0.6877467  -1.0234772  -0.72847694]
 [ 0.9966833  -0.6799057  -0.684357   -1.0155035  -0.72847694]
 [ 0.9877649  -0.65185076 -0.6594723  -1.0082146  -0.73198694]
 [ 0.9779896  -0.61177844 -0.6211306  -1.0011057  -0.6793366 ]
 [ 0.9677891  -0.5704576  -0.5687136  -0.99414086 -0.6091361 ]
 [ 0.9574003  -0.53297377 -0.53958213 -0.98589075 -0.6442364 ]
 [ 0.94603634 -0.4828257  -0.49729136 -0.97771215 -0.55999583]
 [ 0.93437773 -0.43591297 -0.4557033  -0.9690278  -0.58105594]
 [ 0.9210767  -0.36473483 -0.39479885 -0.96049565 -0.55999583]
 [ 0.90898424 -0.33062494 -0.35882923 -0.9504866  -0.5564858 ]
 [ 0.89597905 -0.2844979  -0.3131432  -0.94045436 -0.49681538]
 [ 0.88273174 -0.24192974 -0.27037245 -0.92987734 -0.4266149 ]
 [ 0.86907095 -0.19885315 -0.22768284 -0.9188786  -0.37747458]
 [ 0.85485786 -0.15258734 -0.18253112 -0.9075381  -0.29323402]
 [ 0.8382433  -0.06713046 -0.18872927 -0.8935679  -0.2616438 ]
 [ 0.82484823 -0.06102921 -0.14414768 -0.8811098  -0.25813377]
 [ 0.810731   -0.04175605 -0.12596591 -0.86750716 -0.2791939 ]
 [ 0.7963048  -0.01975542 -0.08625643 -0.85452294 -0.31078413]
 [ 0.78087175  0.01832961 -0.03641565 -0.84163374 -0.17389321]
 [ 0.76607925  0.03672532  0.00398609 -0.8281168  -0.10369275]
 [ 0.74927026  0.09195777  0.05640553 -0.8146992  -0.03349227]
 [ 0.7337251   0.11192474  0.08036976 -0.799827    0.02617812]]
exception: did not work for AL week 202103: maximum supported dimension for an ndarray is 32, found 76

test mode, using existing params json
[[ 1.2307723  -1.3144484  -1.2956946  -1.2115985  -0.8165827 ]
 [ 1.2287413  -1.3115755  -1.2944785  -1.2096679  -0.44965535]
 [ 1.2268819  -1.3130352  -1.2964543  -1.2076249  -0.44965535]
 [ 1.2246978  -1.3070155  -1.2924306  -1.2057705  -0.38058668]
 [ 1.2224479  -1.3006313  -1.2899017  -1.2038139  -0.4280714 ]
 [ 1.2201209  -1.2937005  -1.2882189  -1.2017701  -0.5113238 ]
 [ 1.2178284  -1.2887752  -1.2826577  -1.1998063  -0.5683671 ]
 [ 1.2153993  -1.2817065  -1.2755796  -1.1978383  -0.622327  ]
 [ 1.2128448  -1.2731326  -1.265835   -1.195891   -0.60505986]
 [ 1.2101905  -1.263921   -1.261953   -1.1936644  -0.57915914]
 [ 1.2074741  -1.2549824  -1.252425   -1.1915506  -0.59714574]
 [ 1.204859   -1.2499204  -1.2457591  -1.189274   -0.5957622 ]
 [ 1.2021965  -1.2447214  -1.2381456  -1.186985   -0.60690993]
 [ 1.1995794  -1.2414838  -1.2338836  -1.184545   -0.6338385 ]
 [ 1.1962477  -1.2229221  -1.2128859  -1.1825835  -0.622327  ]
 [ 1.1930379  -1.210472   -1.2023453  -1.1801264  -0.6147092 ]
 [ 1.19005    -1.2052279  -1.1991668  -1.1773334  -0.6343181 ]
 [ 1.1869682  -1.1988434  -1.192778   -1.1745902  -0.640503  ]
 [ 1.1837299  -1.190133   -1.183482   -1.1718773  -0.622327  ]
 [ 1.1805166  -1.183566   -1.1765748  -1.1690161  -0.6284939 ]
 [ 1.1770344  -1.1722105  -1.165576   -1.1662176  -0.60999334]
 [ 1.1738784  -1.170158   -1.1565516  -1.163296   -0.59765965]
 [ 1.1709918  -1.1744909  -1.16127    -1.1599097  -0.64905006]
 [ 1.1680194  -1.1761332  -1.1640699  -1.1566073  -0.67988425]
 [ 1.1650504  -1.1775473  -1.1656662  -1.153352   -0.72716343]
 [ 1.1613834  -1.1631819  -1.1534635  -1.1505092  -0.7004404 ]
 [ 1.1580173  -1.15812    -1.148119   -1.1473508  -0.67782867]
 [ 1.1546056  -1.152967   -1.1428216  -1.1441478  -0.67782867]
 [ 1.150994   -1.1443022  -1.1351082  -1.1409711  -0.62643826]
 [ 1.147334   -1.1361393  -1.1277324  -1.1377126  -0.6346607 ]
 [ 1.1430228  -1.1149786  -1.110251   -1.1346684  -0.6408276 ]
 [ 1.1388607  -1.100978   -1.0971601  -1.1313188  -0.63260514]
 [ 1.1338382  -1.0703768  -1.0701653  -1.1282488  -0.6284939 ]
 [ 1.1287415  -1.0436978  -1.0463635  -1.1248155  -0.63671637]
 [ 1.1236626  -1.0222634  -1.0253174  -1.1210736  -0.6408276 ]
 [ 1.1200497  -1.0373133  -1.0334108  -1.1163046  -0.6696062 ]
 [ 1.1159664  -1.0391835  -1.0327649  -1.1119051  -0.675773  ]
 [ 1.1107005  -1.01442    -1.0114293  -1.1081113  -0.6716618 ]
 [ 1.105835   -1.0030646  -0.99996394 -1.1038227  -0.6469944 ]
 [ 1.1013135  -1.0014231  -0.99756896 -1.0991675  -0.66138375]
 [ 1.0967889  -1.0000098  -0.9943405  -1.0945276  -0.6449388 ]
 [ 1.092464   -1.0032936  -0.99621224 -1.0897208  -0.66755056]
 [ 1.0873532  -0.98851794 -0.98447967 -1.085323   -0.6963292 ]
 [ 1.0809258  -0.9470613  -0.9342     -1.0819986  -0.66343933]
 [ 1.0744426  -0.91199106 -0.9079996  -1.0775168  -0.60793775]
 [ 1.0678267  -0.88034123 -0.88196194 -1.0727406  -0.59765965]
 [ 1.0616063  -0.8632396  -0.8669455  -1.06737    -0.622327  ]
 [ 1.0565594  -0.8753252  -0.87316376 -1.0612497  -0.6243827 ]
 [ 1.0490204  -0.8298113  -0.8380284  -1.0563936  -0.6305495 ]
 [ 1.041936   -0.8026764  -0.81209236 -1.0508978  -0.66343933]
 [ 1.0351896  -0.78799176 -0.79582375 -1.0448852  -0.6428832 ]
 [ 1.0282758  -0.7722583  -0.77937686 -1.0387472  -0.6284939 ]
 [ 1.0199215  -0.72747535 -0.7728595  -1.0319978  -0.6243827 ]
 [ 1.0134708  -0.7329474  -0.74630445 -1.0257714  -0.60999334]
 [ 1.0068107  -0.7328564  -0.74163693 -1.0188172  -0.6161602 ]
 [ 1.0001783  -0.7334039  -0.73830765 -1.0118185  -0.6161602 ]
 [ 0.9922806  -0.70572186 -0.7138664  -1.0054209  -0.6182158 ]
 [ 0.9836241  -0.6661823  -0.67620796 -0.99918133 -0.5873816 ]
 [ 0.974591   -0.62541074 -0.624725   -0.99306816 -0.5462693 ]
 [ 0.9653913  -0.5884252  -0.59611267 -0.98582685 -0.56682545]
 [ 0.9553278  -0.53894377 -0.5545755  -0.97864836 -0.5174907 ]
 [ 0.94500357 -0.49265468 -0.51372856 -0.97102594 -0.5298244 ]
 [ 0.9332248  -0.42242274 -0.4539094  -0.9635371  -0.5174907 ]
 [ 0.92251635 -0.3887663  -0.41858074 -0.95475197 -0.51543504]
 [ 0.91099954 -0.34325245 -0.37370884 -0.94594646 -0.48048958]
 [ 0.8992683  -0.3012502  -0.33170027 -0.93666285 -0.43937728]
 [ 0.88717103 -0.25874624 -0.28977138 -0.92700905 -0.41059867]
 [ 0.87458456 -0.21309546 -0.24542426 -0.91705525 -0.3612639 ]
 [ 0.85987157 -0.12877461 -0.25151196 -0.9047933  -0.34276336]
 [ 0.84800947 -0.12275447 -0.2077248  -0.89385855 -0.34070775]
 [ 0.8355079  -0.10373752 -0.18986703 -0.8819193  -0.35304144]
 [ 0.82273287 -0.08202935 -0.15086518 -0.8705228  -0.37154198]
 [ 0.80906606 -0.04445061 -0.10191255 -0.8592097  -0.29137298]
 [ 0.7959665  -0.02629945 -0.06223076 -0.8473456  -0.25026068]
 [ 0.7810813   0.02819877 -0.01074543 -0.8355687  -0.20914838]
 [ 0.76731527  0.0479003   0.01279176 -0.8225151  -0.17420292]]
exception: did not work for AL week 202105: maximum supported dimension for an ndarray is 32, found 76

test mode, using existing params json
[[ 1.2209799  -1.3560075  -1.3381534  -1.1948996  -0.78265274]
 [ 1.2191402  -1.3530748  -1.3369126  -1.1931714  -0.49651977]
 [ 1.2174557  -1.3545649  -1.3389287  -1.1913427  -0.49651977]
 [ 1.2154773  -1.3484199  -1.3348231  -1.1896828  -0.44265947]
 [ 1.2134391  -1.3419029  -1.3322427  -1.1879314  -0.47968844]
 [ 1.2113312  -1.3348277  -1.3305255  -1.186102   -0.54460937]
 [ 1.2092545  -1.3297999  -1.3248513  -1.1843443  -0.5890922 ]
 [ 1.2070539  -1.322584   -1.317629   -1.1825827  -0.6311706 ]
 [ 1.2047399  -1.3138317  -1.3076861  -1.1808398  -0.6177055 ]
 [ 1.2023355  -1.3044285  -1.303725   -1.1788468  -0.5975079 ]
 [ 1.1998749  -1.2953037  -1.2940031  -1.1769546  -0.611534  ]
 [ 1.1975058  -1.2901363  -1.2872016  -1.174917   -0.6104551 ]
 [ 1.195094   -1.2848293  -1.2794331  -1.172868   -0.6191482 ]
 [ 1.1927232  -1.2815242  -1.2750844  -1.1706841  -0.64014727]
 [ 1.1897051  -1.2625761  -1.2536592  -1.1689281  -0.6311706 ]
 [ 1.1867974  -1.2498668  -1.2429042  -1.166729   -0.6252301 ]
 [ 1.1840907  -1.2445136  -1.239661   -1.1642289  -0.64052135]
 [ 1.1812991  -1.2379962  -1.2331421  -1.1617736  -0.6453443 ]
 [ 1.1783656  -1.2291045  -1.223657   -1.1593451  -0.6311706 ]
 [ 1.1754547  -1.2224009  -1.2166091  -1.1567842  -0.63597953]
 [ 1.1723002  -1.210809   -1.2053865  -1.1542792  -0.62155265]
 [ 1.1694413  -1.2087138  -1.1961784  -1.1516641  -0.6119347 ]
 [ 1.1668264  -1.2131368  -1.200993   -1.1486331  -0.65200937]
 [ 1.1641338  -1.2148132  -1.2038498  -1.1456771  -0.6760542 ]
 [ 1.1614442  -1.2162569  -1.2054785  -1.1427633  -0.7129228 ]
 [ 1.1581223  -1.2015924  -1.1930274  -1.1402187  -0.692084  ]
 [ 1.155073   -1.1964252  -1.1875741  -1.1373917  -0.6744512 ]
 [ 1.1519827  -1.191165   -1.1821688  -1.1345246  -0.6744512 ]
 [ 1.1487108  -1.1823199  -1.1742986  -1.1316812  -0.6343765 ]
 [ 1.1453954  -1.173987   -1.1667727  -1.1287645  -0.6407885 ]
 [ 1.14149    -1.1523858  -1.1489354  -1.1260397  -0.64559746]
 [ 1.1377196  -1.1380938  -1.135578   -1.1230415  -0.6391855 ]
 [ 1.1331699  -1.1068558  -1.1080339  -1.1202936  -0.63597953]
 [ 1.1285529  -1.0796213  -1.0837476  -1.1172204  -0.64239144]
 [ 1.1239522  -1.0577409  -1.0622731  -1.1138711  -0.64559746]
 [ 1.1206793  -1.073104   -1.0705314  -1.1096025  -0.66803926]
 [ 1.1169803  -1.075013   -1.0698723  -1.1056644  -0.6728482 ]
 [ 1.11221    -1.0497342  -1.0481025  -1.1022686  -0.6696422 ]
 [ 1.1078025  -1.0381424  -1.0364038  -1.0984299  -0.6504064 ]
 [ 1.1037066  -1.0364668  -1.03396    -1.0942631  -0.6616273 ]
 [ 1.0996078  -1.0350239  -1.0306659  -1.0901098  -0.6488034 ]
 [ 1.09569    -1.0383762  -1.0325757  -1.0858074  -0.66643625]
 [ 1.0910604  -1.023293   -1.0206043  -1.0818709  -0.68887806]
 [ 1.085238   -0.9809734  -0.9693012  -1.0788952  -0.6632303 ]
 [ 1.0793649  -0.94517326 -0.9425676  -1.0748836  -0.6199497 ]
 [ 1.0733718  -0.9128646  -0.916      -1.0706084  -0.6119347 ]
 [ 1.0677369  -0.895407   -0.900678   -1.0658013  -0.6311706 ]
 [ 1.0631651  -0.90774417 -0.9070228  -1.060323   -0.6327736 ]
 [ 1.0563356  -0.8612829  -0.8711723  -1.0559764  -0.63758254]
 [ 1.049918   -0.8335832  -0.8447084  -1.0510571  -0.6632303 ]
 [ 1.0438067  -0.81859297 -0.8281086  -1.0456752  -0.6472004 ]
 [ 1.0375437  -0.80253196 -0.811327   -1.0401812  -0.63597953]
 [ 1.0299757  -0.7568169  -0.804677   -1.0341398  -0.6327736 ]
 [ 1.024132   -0.76240283 -0.77758145 -1.0285666  -0.62155265]
 [ 1.0180988  -0.76230997 -0.772819   -1.022342   -0.6263616 ]
 [ 1.0120908  -0.7628689  -0.7694219  -1.0160775  -0.6263616 ]
 [ 1.0049365  -0.7346106  -0.7444832  -1.010351   -0.6279646 ]
 [ 0.99709475 -0.6942481  -0.70605826 -1.004766   -0.6039198 ]
 [ 0.9889119  -0.6526279  -0.6535275  -0.99929404 -0.57186013]
 [ 0.98057806 -0.6148725  -0.6243328  -0.99281245 -0.58788997]
 [ 0.9714619  -0.56436116 -0.5819502  -0.986387   -0.54941833]
 [ 0.9621094  -0.51710856 -0.5402719  -0.9795642  -0.5590362 ]
 [ 0.9514393  -0.4454148  -0.47923523 -0.972861   -0.54941833]
 [ 0.9417388  -0.4110578  -0.44318753 -0.9649975  -0.5478153 ]
 [ 0.931306   -0.3645966  -0.39740235 -0.95711565 -0.52056456]
 [ 0.92067903 -0.3217201  -0.35453877 -0.9488059  -0.48850486]
 [ 0.90972036 -0.27833146 -0.3117565  -0.94016486 -0.46606305]
 [ 0.89831865 -0.23173049 -0.26650676 -0.9312553  -0.4275914 ]
 [ 0.88499045 -0.14565453 -0.27271837 -0.9202797  -0.41316453]
 [ 0.8742449  -0.13950908 -0.22804001 -0.91049206 -0.41156155]
 [ 0.8629201  -0.12009631 -0.20981878 -0.8998053  -0.42117947]
 [ 0.85134745 -0.0979363  -0.17002311 -0.88960433 -0.43560633]
 [ 0.8389671  -0.05957538 -0.12007415 -0.87947804 -0.37308988]
 [ 0.8271005  -0.04104641 -0.0795847  -0.8688586  -0.34103018]
 [ 0.8136164   0.01458616 -0.02705148 -0.85831714 -0.30897048]
 [ 0.8011461   0.03469777 -0.00303524 -0.8466329  -0.2817197 ]]
exception: did not work for AL week 202107: maximum supported dimension for an ndarray is 32, found 76

test mode, using existing params json
[[ 1.2255104e+00 -1.3527631e+00 -1.3299658e+00 -1.1930063e+00
  -8.2695502e-01]
 [ 1.2238053e+00 -1.3497815e+00 -1.3287067e+00 -1.1914240e+00
  -5.4564762e-01]
 [ 1.2222444e+00 -1.3512965e+00 -1.3307526e+00 -1.1897496e+00
  -5.4564762e-01]
 [ 1.2204108e+00 -1.3450490e+00 -1.3265865e+00 -1.1882298e+00
  -4.9269566e-01]
 [ 1.2185220e+00 -1.3384231e+00 -1.3239681e+00 -1.1866261e+00
  -5.2910012e-01]
 [ 1.2165685e+00 -1.3312299e+00 -1.3222255e+00 -1.1849509e+00
  -5.9292620e-01]
 [ 1.2146440e+00 -1.3261182e+00 -1.3164675e+00 -1.1833415e+00
  -6.3665885e-01]
 [ 1.2126046e+00 -1.3187820e+00 -1.3091387e+00 -1.1817286e+00
  -6.7802757e-01]
 [ 1.2104602e+00 -1.3098836e+00 -1.2990491e+00 -1.1801326e+00
  -6.6478962e-01]
 [ 1.2082318e+00 -1.3003235e+00 -1.2950296e+00 -1.1783078e+00
  -6.4493257e-01]
 [ 1.2059515e+00 -1.2910465e+00 -1.2851642e+00 -1.1765753e+00
  -6.5872216e-01]
 [ 1.2037561e+00 -1.2857929e+00 -1.2782625e+00 -1.1747094e+00
  -6.5766144e-01]
 [ 1.2015208e+00 -1.2803973e+00 -1.2703793e+00 -1.1728333e+00
  -6.6620797e-01]
 [ 1.1993238e+00 -1.2770370e+00 -1.2659664e+00 -1.1708337e+00
  -6.8685293e-01]
 [ 1.1965268e+00 -1.2577729e+00 -1.2442251e+00 -1.1692259e+00
  -6.7802757e-01]
 [ 1.1938322e+00 -1.2448515e+00 -1.2333114e+00 -1.1672121e+00
  -6.7218727e-01]
 [ 1.1913238e+00 -1.2394090e+00 -1.2300204e+00 -1.1649230e+00
  -6.8722063e-01]
 [ 1.1887367e+00 -1.2327828e+00 -1.2234054e+00 -1.1626748e+00
  -6.9196230e-01]
 [ 1.1860180e+00 -1.2237427e+00 -1.2137804e+00 -1.1604513e+00
  -6.7802757e-01]
 [ 1.1833205e+00 -1.2169273e+00 -1.2066286e+00 -1.1581063e+00
  -6.8275541e-01]
 [ 1.1803970e+00 -1.2051420e+00 -1.1952403e+00 -1.1558126e+00
  -6.6857189e-01]
 [ 1.1777476e+00 -1.2030119e+00 -1.1858964e+00 -1.1534182e+00
  -6.5911615e-01]
 [ 1.1753243e+00 -1.2075087e+00 -1.1907820e+00 -1.1506429e+00
  -6.9851494e-01]
 [ 1.1728290e+00 -1.2092131e+00 -1.1936809e+00 -1.1479362e+00
  -7.2215426e-01]
 [ 1.1703365e+00 -1.2106808e+00 -1.1953337e+00 -1.1452682e+00
  -7.5840110e-01]
 [ 1.1672579e+00 -1.1957717e+00 -1.1826988e+00 -1.1429384e+00
  -7.3791373e-01]
 [ 1.1644322e+00 -1.1905183e+00 -1.1771652e+00 -1.1403497e+00
  -7.2057825e-01]
 [ 1.1615680e+00 -1.1851702e+00 -1.1716801e+00 -1.1377245e+00
  -7.2057825e-01]
 [ 1.1585360e+00 -1.1761776e+00 -1.1636938e+00 -1.1351210e+00
  -6.8117946e-01]
 [ 1.1554635e+00 -1.1677057e+00 -1.1560569e+00 -1.1324503e+00
  -6.8748331e-01]
 [ 1.1518441e+00 -1.1457441e+00 -1.1379564e+00 -1.1299554e+00
  -6.9221115e-01]
 [ 1.1483500e+00 -1.1312137e+00 -1.1244019e+00 -1.1272101e+00
  -6.8590736e-01]
 [ 1.1441336e+00 -1.0994543e+00 -1.0964514e+00 -1.1246941e+00
  -6.8275541e-01]
 [ 1.1398549e+00 -1.0717655e+00 -1.0718069e+00 -1.1218801e+00
  -6.8905926e-01]
 [ 1.1355911e+00 -1.0495200e+00 -1.0500156e+00 -1.1188134e+00
  -6.9221115e-01]
 [ 1.1325581e+00 -1.0651394e+00 -1.0583955e+00 -1.1149048e+00
  -7.1427447e-01]
 [ 1.1291301e+00 -1.0670804e+00 -1.0577269e+00 -1.1112989e+00
  -7.1900231e-01]
 [ 1.1247094e+00 -1.0413797e+00 -1.0356358e+00 -1.1081896e+00
  -7.1585041e-01]
 [ 1.1206248e+00 -1.0295945e+00 -1.0237645e+00 -1.1046748e+00
  -6.9693899e-01]
 [ 1.1168289e+00 -1.0278910e+00 -1.0212847e+00 -1.1008594e+00
  -7.0797068e-01]
 [ 1.1130306e+00 -1.0264241e+00 -1.0179420e+00 -1.0970566e+00
  -6.9536304e-01]
 [ 1.1093997e+00 -1.0298322e+00 -1.0198799e+00 -1.0931171e+00
  -7.1269852e-01]
 [ 1.1051092e+00 -1.0144973e+00 -1.0077319e+00 -1.0895127e+00
  -7.3476183e-01]
 [ 1.0997133e+00 -9.7147173e-01 -9.5567203e-01 -1.0867881e+00
  -7.0954663e-01]
 [ 1.0942707e+00 -9.3507421e-01 -9.2854398e-01 -1.0831147e+00
  -6.6699594e-01]
 [ 1.0887166e+00 -9.0222657e-01 -9.0158445e-01 -1.0792003e+00
  -6.5911615e-01]
 [ 1.0834945e+00 -8.8447767e-01 -8.8603634e-01 -1.0747987e+00
  -6.7802757e-01]
 [ 1.0792577e+00 -8.9702064e-01 -8.9247471e-01 -1.0697826e+00
  -6.7960352e-01]
 [ 1.0729285e+00 -8.4978420e-01 -8.5609537e-01 -1.0658026e+00
  -6.8433142e-01]
 [ 1.0669812e+00 -8.2162231e-01 -8.2924104e-01 -1.0612984e+00
  -7.0954663e-01]
 [ 1.0613176e+00 -8.0638194e-01 -8.1239635e-01 -1.0563704e+00
  -6.9378710e-01]
 [ 1.0555134e+00 -7.9005301e-01 -7.9536718e-01 -1.0513399e+00
  -6.8275541e-01]
 [ 1.0484998e+00 -7.4357522e-01 -7.8861910e-01 -1.0458081e+00
  -6.7960352e-01]
 [ 1.0430844e+00 -7.4925435e-01 -7.6112378e-01 -1.0407051e+00
  -6.6857189e-01]
 [ 1.0374932e+00 -7.4915993e-01 -7.5629103e-01 -1.0350055e+00
  -6.7329973e-01]
 [ 1.0319254e+00 -7.4972814e-01 -7.5284386e-01 -1.0292695e+00
  -6.7329973e-01]
 [ 1.0252951e+00 -7.2099841e-01 -7.2753721e-01 -1.0240262e+00
  -6.7487568e-01]
 [ 1.0180280e+00 -6.7996240e-01 -6.8854541e-01 -1.0189122e+00
  -6.5123641e-01]
 [ 1.0104446e+00 -6.3764781e-01 -6.3523960e-01 -1.0139019e+00
  -6.1971736e-01]
 [ 1.0027214e+00 -5.9926248e-01 -6.0561419e-01 -1.0079671e+00
  -6.3547689e-01]
 [ 9.9427313e-01 -5.4790837e-01 -5.6260633e-01 -1.0020837e+00
  -5.9765404e-01]
 [ 9.8560584e-01 -4.9986741e-01 -5.2031314e-01 -9.9583650e-01
  -6.0710973e-01]
 [ 9.7571748e-01 -4.2697743e-01 -4.5837602e-01 -9.8969871e-01
  -5.9765404e-01]
 [ 9.6672761e-01 -3.9204720e-01 -4.2179650e-01 -9.8249859e-01
  -5.9607810e-01]
 [ 9.5705920e-01 -3.4481081e-01 -3.7533584e-01 -9.7528166e-01
  -5.6928688e-01]
 [ 9.4721079e-01 -3.0121893e-01 -3.3183989e-01 -9.6767294e-01
  -5.3776789e-01]
 [ 9.3705505e-01 -2.5710633e-01 -2.8842646e-01 -9.5976084e-01
  -5.1570457e-01]
 [ 9.2648864e-01 -2.0972785e-01 -2.4250914e-01 -9.5160288e-01
  -4.7788170e-01]
 [ 9.1413695e-01 -1.2221575e-01 -2.4881238e-01 -9.4155318e-01
  -4.6369815e-01]
 [ 9.0417868e-01 -1.1596776e-01 -2.0347488e-01 -9.3259120e-01
  -4.6212220e-01]
 [ 8.9368355e-01 -9.6231088e-02 -1.8498483e-01 -9.2280596e-01
  -4.7157791e-01]
 [ 8.8295877e-01 -7.3701344e-02 -1.4460205e-01 -9.1346550e-01
  -4.8576146e-01]
 [ 8.7148547e-01 -3.4700379e-02 -9.3916185e-02 -9.0419352e-01
  -4.2429936e-01]
 [ 8.6048830e-01 -1.5862256e-02 -5.2829400e-02 -8.9446986e-01
  -3.9278030e-01]
 [ 8.4799206e-01  4.0698525e-02  4.7885257e-04 -8.8481766e-01
  -3.6126128e-01]
 [ 8.3643538e-01  6.1145697e-02  2.4849413e-02 -8.7411910e-01
  -3.3447009e-01]]
exception: did not work for AL week 202109: maximum supported dimension for an ndarray is 32, found 76

